# imp_c1  (2026-10-06 16:33, 2.1 min, 4 CPUs, Fortran point model)
# make_implant_inp.py --case 2sp_case6 --cons 1 --gw 0.3333333333 --dt 0.01 --T 1.1
# PASS: imp_c1 completed (native point model)

inner (on the titanium or enamel) ring, theta means; z from the base (0) to the top (2.0)
  z mm    phi  share      c   alpha-1       s_rr       s_rz       s_tt       s_zz         vM
  0.05  0.170  0.232  0.680  2.63e-04 -3.429e-05 -6.703e-05 -1.575e-04 -1.296e-04  1.613e-04
  0.15  0.170  0.232  0.682  2.63e-04  1.940e-05 -3.283e-05 -1.286e-04 -1.248e-04  1.568e-04
  0.25  0.170  0.232  0.685  2.63e-04 -4.362e-07 -1.966e-05 -1.489e-04 -1.465e-04  1.511e-04
  0.35  0.170  0.231  0.690  2.63e-04  1.759e-05 -1.483e-05 -1.337e-04 -1.338e-04  1.535e-04
  0.45  0.170  0.231  0.696  2.63e-04  5.974e-06 -1.027e-05 -1.447e-04 -1.447e-04  1.517e-04
  0.55  0.170  0.230  0.704  2.62e-04  1.244e-05 -7.888e-06 -1.388e-04 -1.393e-04  1.521e-04
  0.65  0.170  0.229  0.714  2.62e-04  6.258e-06 -5.030e-06 -1.446e-04 -1.452e-04  1.514e-04
  0.75  0.170  0.228  0.725  2.62e-04  9.204e-06 -3.433e-06 -1.418e-04 -1.426e-04  1.515e-04
  0.85  0.170  0.226  0.738  2.61e-04  6.689e-06 -1.567e-06 -1.440e-04 -1.449e-04  1.512e-04
  0.95  0.170  0.225  0.752  2.61e-04  7.596e-06 -4.573e-07 -1.429e-04 -1.439e-04  1.510e-04
  1.05  0.170  0.224  0.768  2.60e-04  7.512e-06  1.068e-06 -1.427e-04 -1.437e-04  1.507e-04
  1.15  0.170  0.222  0.786  2.60e-04  6.676e-06  2.159e-06 -1.431e-04 -1.440e-04  1.502e-04
  1.25  0.170  0.220  0.805  2.59e-04  8.998e-06  3.978e-06 -1.404e-04 -1.412e-04  1.500e-04
  1.35  0.170  0.218  0.826  2.58e-04  6.157e-06  5.516e-06 -1.425e-04 -1.431e-04  1.493e-04
  1.45  0.170  0.216  0.848  2.58e-04  1.205e-05  8.268e-06 -1.364e-04 -1.369e-04  1.494e-04
  1.55  0.170  0.214  0.872  2.57e-04  5.794e-06  1.055e-05 -1.415e-04 -1.415e-04  1.484e-04
  1.65  0.170  0.212  0.898  2.56e-04  1.698e-05  1.491e-05 -1.303e-04 -1.304e-04  1.496e-04
  1.75  0.170  0.210  0.925  2.55e-04 -4.502e-07  1.950e-05 -1.445e-04 -1.422e-04  1.468e-04
  1.85  0.170  0.208  0.954  2.54e-04  1.869e-05  3.210e-05 -1.244e-04 -1.208e-04  1.519e-04
  1.95  0.170  0.206  0.984  2.54e-04 -3.357e-05  6.495e-05 -1.522e-04 -1.253e-04  1.558e-04

outer ring, theta means; z from the base (0) to the top (2.0)
  z mm    phi  share      c   alpha-1       s_rr       s_rz       s_tt       s_zz         vM
  0.05  0.150  0.357  0.680  9.85e-05 -1.203e-08  8.255e-07 -1.493e-05  2.377e-06  1.631e-05
  0.15  0.150  0.356  0.682  9.84e-05 -1.510e-07  4.163e-07 -1.267e-05  4.512e-06  1.541e-05
  0.25  0.150  0.354  0.685  9.84e-05 -1.909e-07 -1.870e-06 -1.388e-05  1.763e-08  1.417e-05
  0.35  0.150  0.351  0.690  9.83e-05 -2.057e-08 -2.214e-06 -1.803e-05 -9.777e-06  1.608e-05
  0.45  0.150  0.348  0.696  9.83e-05  1.392e-07 -1.460e-06 -2.160e-05 -1.782e-05  2.028e-05
  0.55  0.150  0.343  0.704  9.82e-05 -5.417e-09 -9.317e-07 -2.425e-05 -2.348e-05  2.392e-05
  0.65  0.150  0.338  0.714  9.81e-05  1.271e-07 -5.941e-07 -2.570e-05 -2.687e-05  2.645e-05
  0.75  0.150  0.332  0.725  9.79e-05  2.506e-08 -3.919e-07 -2.684e-05 -2.931e-05  2.819e-05
  0.85  0.150  0.325  0.738  9.78e-05  1.068e-07 -1.968e-07 -2.735e-05 -3.059e-05  2.921e-05
  0.95  0.150  0.319  0.752  9.76e-05  6.647e-08 -8.161e-08 -2.766e-05 -3.130e-05  2.971e-05
  1.05  0.150  0.311  0.768  9.74e-05  7.190e-08  9.081e-08 -2.762e-05 -3.127e-05  2.968e-05
  1.15  0.150  0.304  0.786  9.72e-05  1.040e-07  2.044e-07 -2.724e-05 -3.053e-05  2.913e-05
  1.25  0.150  0.296  0.805  9.69e-05  3.292e-08  3.960e-07 -2.666e-05 -2.921e-05  2.806e-05
  1.35  0.150  0.289  0.826  9.67e-05  1.270e-07  5.917e-07 -2.547e-05 -2.677e-05  2.629e-05
  1.45  0.150  0.282  0.848  9.64e-05  4.122e-09  9.180e-07 -2.397e-05 -2.339e-05  2.375e-05
  1.55  0.150  0.275  0.872  9.61e-05  1.415e-07  1.428e-06 -2.133e-05 -1.785e-05  2.011e-05
  1.65  0.150  0.269  0.898  9.58e-05 -1.058e-08  2.157e-06 -1.779e-05 -9.985e-06  1.588e-05
  1.75  0.150  0.263  0.925  9.54e-05 -1.720e-07  1.837e-06 -1.367e-05 -4.134e-07  1.375e-05
  1.85  0.150  0.258  0.954  9.51e-05 -1.396e-07 -3.518e-07 -1.237e-05  4.099e-06  1.482e-05
  1.95  0.150  0.254  0.984  9.47e-05 -7.854e-10 -7.706e-07 -1.441e-05  2.212e-06  1.570e-05

theta spread of sigma_tt (inner, max over z) %: 7.08e-03
