# imp_fr_c1  (2026-10-06 16:36, 3 min, 4 CPUs, Fortran point model)
# make_implant_inp.py --case 2sp_case6 --cons 1 --gw 0.3333333333 --dt 0.01 --T 1.1 --front 10 --blend 0.5
# PASS: imp_fr_c1 completed (native point model)

inner (on the titanium or enamel) ring, theta means; z from the base (0) to the top (2.0)
  z mm    phi  share      c   alpha-1       s_rr       s_rz       s_tt       s_zz         vM
  0.05  0.549  0.490 -0.302  7.72e-04 -1.786e-03 -2.448e-03 -5.174e-03 -4.127e-03  5.197e-03
  0.15  0.539  0.490 -0.297  7.48e-04  8.604e-04 -1.268e-03 -3.261e-03 -3.179e-03  4.635e-03
  0.25  0.525  0.490 -0.286  7.20e-04  2.478e-05 -8.790e-04 -3.737e-03 -3.701e-03  4.042e-03
  0.35  0.514  0.490 -0.271  7.02e-04  6.057e-04 -8.616e-04 -3.034e-03 -3.113e-03  3.971e-03
  0.45  0.511  0.490 -0.251  6.97e-04  3.609e-05 -9.318e-04 -3.534e-03 -3.627e-03  3.962e-03
  0.55  0.520  0.490 -0.225  7.06e-04  1.894e-04 -1.176e-03 -3.602e-03 -3.736e-03  4.365e-03
  0.65  0.544  0.490 -0.195  7.28e-04 -1.502e-04 -1.535e-03 -4.435e-03 -4.592e-03  5.112e-03
  0.75  0.588  0.490 -0.159  7.66e-04 -1.007e-04 -2.120e-03 -5.360e-03 -5.537e-03  6.489e-03
  0.85  0.657  0.490 -0.118  8.24e-04 -1.784e-04 -2.923e-03 -7.210e-03 -7.365e-03  8.729e-03
  0.95  0.759  0.490 -0.070  9.07e-04  1.272e-04 -3.936e-03 -1.006e-02 -1.008e-02  1.227e-02
  1.05  0.887  0.488 -0.014  1.02e-03  9.762e-04 -4.488e-03 -1.425e-02 -1.383e-02  1.691e-02
  1.15  0.990  0.484  0.050  1.10e-03  1.886e-03 -3.667e-03 -1.771e-02 -1.701e-02  2.028e-02
  1.25  1.020  0.474  0.124  1.13e-03  3.025e-03 -1.850e-03 -1.810e-02 -1.756e-02  2.110e-02
  1.35  1.016  0.406  0.208  1.12e-03  2.567e-03 -3.389e-04 -1.854e-02 -1.815e-02  2.093e-02
  1.45  1.013  0.260  0.302  1.09e-03  3.722e-03  1.050e-03 -1.701e-02 -1.670e-02  2.066e-02
  1.55  1.012  0.083  0.406  1.05e-03  2.536e-03  2.126e-03 -1.730e-02 -1.700e-02  2.003e-02
  1.65  1.011  0.028  0.521  1.00e-03  4.802e-03  3.360e-03 -1.433e-02 -1.415e-02  1.991e-02
  1.75  1.010  0.026  0.645  9.67e-04  1.356e-03  4.383e-03 -1.664e-02 -1.611e-02  1.929e-02
  1.85  1.009  0.025  0.780  9.41e-04  4.971e-03  6.332e-03 -1.286e-02 -1.252e-02  2.079e-02
  1.95  1.009  0.023  0.925  9.21e-04 -9.364e-03  1.117e-02 -2.223e-02 -1.756e-02  2.240e-02

outer ring, theta means; z from the base (0) to the top (2.0)
  z mm    phi  share      c   alpha-1       s_rr       s_rz       s_tt       s_zz         vM
  0.05  0.510  0.473 -0.302  4.24e-04 -5.946e-06  1.981e-05 -8.219e-04  5.257e-05  8.475e-04
  0.15  0.500  0.473 -0.297  4.06e-04 -8.285e-06 -5.564e-05 -7.505e-04 -7.203e-05  7.190e-04
  0.25  0.487  0.473 -0.286  3.83e-04 -3.028e-07 -1.425e-04 -8.569e-04 -5.672e-04  7.940e-04
  0.35  0.475  0.474 -0.271  3.67e-04  1.013e-05 -1.270e-04 -1.072e-03 -1.188e-03  1.166e-03
  0.45  0.473  0.474 -0.250  3.61e-04  1.564e-05 -9.540e-05 -1.279e-03 -1.689e-03  1.550e-03
  0.55  0.482  0.474 -0.225  3.68e-04  1.639e-05 -8.918e-05 -1.509e-03 -2.129e-03  1.918e-03
  0.65  0.506  0.474 -0.195  3.87e-04  2.182e-05 -1.010e-04 -1.801e-03 -2.574e-03  2.315e-03
  0.75  0.550  0.473 -0.159  4.22e-04  4.026e-05 -1.312e-04 -2.242e-03 -3.115e-03  2.831e-03
  0.85  0.622  0.473 -0.117  4.79e-04  4.190e-05 -1.816e-04 -2.990e-03 -3.812e-03  3.530e-03
  0.95  0.730  0.473 -0.070  5.76e-04  1.563e-04 -1.833e-04 -4.269e-03 -4.642e-03  4.634e-03
  1.05  0.874  0.471 -0.014  7.35e-04  5.725e-05 -1.620e-04 -6.796e-03 -5.512e-03  6.316e-03
  1.15  0.991  0.469  0.050  8.96e-04 -1.290e-04 -3.752e-05 -9.429e-03 -6.209e-03  8.180e-03
  1.25  1.024  0.456  0.124  9.68e-04  1.677e-05 -1.588e-04 -1.054e-02 -6.864e-03  9.283e-03
  1.35  1.019  0.382  0.208  9.75e-04  1.077e-04 -1.982e-04 -1.093e-02 -7.671e-03  9.826e-03
  1.45  1.016  0.227  0.302  9.56e-04  1.052e-04 -6.621e-05 -1.105e-02 -8.212e-03  1.004e-02
  1.55  1.014  0.063  0.406  9.15e-04  1.609e-04  1.562e-04 -1.057e-02 -7.903e-03  9.684e-03
  1.65  1.012  0.028  0.521  8.75e-04  1.455e-04  4.997e-04 -9.585e-03 -6.438e-03  8.644e-03
  1.75  1.011  0.026  0.645  8.46e-04  8.542e-05  7.426e-04 -8.130e-03 -3.651e-03  7.239e-03
  1.85  1.010  0.025  0.780  8.26e-04  2.381e-05  3.963e-04 -6.891e-03 -9.199e-04  6.531e-03
  1.95  1.009  0.023  0.925  8.10e-04  6.061e-05 -8.811e-05 -6.670e-03  4.256e-05  6.723e-03

theta spread of sigma_tt (inner, max over z) %: 7.52e-03
