# imp_pr_c1  (2026-10-06 16:39, 2.7 min, 4 CPUs, Fortran point model)
# make_implant_inp.py --case 2sp_case6 --cons 1 --gw 0.3333333333 --dt 0.01 --T 1.1 --front 10
# PASS: imp_pr_c1 completed (native point model)

inner (on the titanium or enamel) ring, theta means; z from the base (0) to the top (2.0)
  z mm    phi  share      c   alpha-1       s_rr       s_rz       s_tt       s_zz         vM
  0.05  0.833  0.489 -0.194  1.03e-03 -2.999e-03 -5.777e-03 -1.373e-02 -1.074e-02  1.386e-02
  0.15  0.799  0.489 -0.185  9.91e-04  2.789e-03 -1.791e-03 -8.891e-03 -8.282e-03  1.180e-02
  0.25  0.742  0.489 -0.169  9.17e-04  6.389e-04 -1.648e-05 -8.710e-03 -8.334e-03  9.167e-03
  0.35  0.675  0.489 -0.146  8.31e-04  1.703e-03  4.636e-04 -5.641e-03 -5.601e-03  7.368e-03
  0.45  0.613  0.489 -0.116  7.53e-04  4.357e-04  6.394e-04 -5.044e-03 -5.051e-03  5.594e-03
  0.55  0.565  0.488 -0.081  6.94e-04  6.394e-04  5.437e-04 -3.708e-03 -3.766e-03  4.477e-03
  0.65  0.534  0.486 -0.039  6.54e-04  9.378e-05  4.820e-04 -3.535e-03 -3.594e-03  3.753e-03
  0.75  0.518  0.482  0.007  6.26e-04  2.911e-04  3.804e-04 -2.995e-03 -3.054e-03  3.380e-03
  0.85  0.512  0.475  0.059  6.06e-04  9.169e-05  3.417e-04 -2.994e-03 -3.039e-03  3.165e-03
  0.95  0.509  0.448  0.115  5.88e-04  2.055e-04  3.001e-04 -2.749e-03 -2.786e-03  3.018e-03
  1.05  0.506  0.372  0.176  5.68e-04  1.189e-04  2.969e-04 -2.700e-03 -2.730e-03  2.880e-03
  1.15  0.504  0.272  0.243  5.46e-04  1.698e-04  2.855e-04 -2.514e-03 -2.539e-03  2.741e-03
  1.25  0.502  0.157  0.314  5.21e-04  1.661e-04  2.975e-04 -2.375e-03 -2.397e-03  2.604e-03
  1.35  0.500  0.075  0.390  4.96e-04  1.591e-04  2.991e-04 -2.241e-03 -2.259e-03  2.464e-03
  1.45  0.499  0.064  0.470  4.75e-04  2.296e-04  3.281e-04 -2.053e-03 -2.067e-03  2.359e-03
  1.55  0.497  0.061  0.556  4.58e-04  1.327e-04  3.487e-04 -2.042e-03 -2.045e-03  2.259e-03
  1.65  0.495  0.058  0.646  4.45e-04  3.123e-04  4.082e-04 -1.793e-03 -1.797e-03  2.223e-03
  1.75  0.494  0.056  0.742  4.34e-04  1.698e-05  4.620e-04 -1.976e-03 -1.942e-03  2.132e-03
  1.85  0.492  0.054  0.842  4.24e-04  3.502e-04  6.265e-04 -1.598e-03 -1.565e-03  2.216e-03
  1.95  0.490  0.052  0.946  4.15e-04 -7.809e-04  1.085e-03 -2.262e-03 -1.833e-03  2.296e-03

outer ring, theta means; z from the base (0) to the top (2.0)
  z mm    phi  share      c   alpha-1       s_rr       s_rz       s_tt       s_zz         vM
  0.05  0.806  0.472 -0.193  7.80e-04 -2.369e-05  1.410e-04 -3.914e-03  3.215e-04  4.081e-03
  0.15  0.771  0.472 -0.185  7.14e-04 -2.490e-05 -1.230e-05 -3.027e-03  5.107e-04  3.303e-03
  0.25  0.711  0.473 -0.169  6.20e-04  3.440e-06 -2.488e-04 -2.379e-03 -1.895e-04  2.332e-03
  0.35  0.642  0.473 -0.146  5.30e-04  2.659e-05 -1.766e-04 -2.053e-03 -1.118e-03  1.830e-03
  0.45  0.580  0.474 -0.116  4.58e-04  3.379e-05 -5.558e-05 -1.775e-03 -1.573e-03  1.720e-03
  0.55  0.532  0.474 -0.080  4.07e-04  1.525e-05  2.407e-06 -1.556e-03 -1.697e-03  1.646e-03
  0.65  0.501  0.474 -0.039  3.74e-04  2.256e-05  2.041e-05 -1.368e-03 -1.631e-03  1.539e-03
  0.75  0.485  0.474  0.007  3.54e-04  5.858e-06  1.886e-05 -1.266e-03 -1.552e-03  1.437e-03
  0.85  0.479  0.473  0.059  3.40e-04  1.216e-05  2.132e-05 -1.178e-03 -1.443e-03  1.343e-03
  0.95  0.476  0.472  0.115  3.29e-04  2.804e-06  2.007e-05 -1.120e-03 -1.354e-03  1.257e-03
  1.05  0.473  0.467  0.177  3.20e-04  8.845e-06  2.019e-05 -1.055e-03 -1.252e-03  1.175e-03
  1.15  0.471  0.460  0.243  3.11e-04  3.369e-06  1.745e-05 -1.007e-03 -1.169e-03  1.101e-03
  1.25  0.469  0.418  0.314  3.03e-04  6.326e-06  1.873e-05 -9.534e-04 -1.081e-03  1.030e-03
  1.35  0.468  0.333  0.390  2.93e-04  4.348e-06  2.106e-05 -8.964e-04 -9.880e-04  9.505e-04
  1.45  0.466  0.233  0.471  2.80e-04  5.546e-06  2.852e-05 -8.212e-04 -8.696e-04  8.534e-04
  1.55  0.464  0.126  0.556  2.67e-04  5.179e-06  3.865e-05 -7.247e-04 -7.120e-04  7.267e-04
  1.65  0.463  0.067  0.647  2.53e-04  5.419e-06  5.547e-05 -6.004e-04 -4.981e-04  5.699e-04
  1.75  0.461  0.061  0.742  2.41e-04  6.439e-07  5.920e-05 -4.615e-04 -2.337e-04  4.132e-04
  1.85  0.459  0.059  0.842  2.32e-04 -1.509e-06  2.140e-05 -3.644e-04 -3.161e-05  3.507e-04
  1.95  0.458  0.057  0.947  2.24e-04  1.909e-06 -7.969e-06 -3.517e-04  1.661e-05  3.614e-04

theta spread of sigma_tt (inner, max over z) %: 5.25e-03
