# tooth_c1  (2026-10-06 16:41, 2.2 min, 4 CPUs, Fortran point model)
# make_implant_inp.py --case 2sp_case6 --cons 1 --gw 0.3333333333 --dt 0.01 --T 1.1 --ri 4.0 --bulge 0.5 --nut outer
# PASS: tooth_c1 completed (native point model)

inner (on the titanium or enamel) ring, theta means; z from the base (0) to the top (2.0)
  z mm    phi  share      c   alpha-1       s_rr       s_rz       s_tt       s_zz         vM
  0.05  0.201  0.165  0.994  2.78e-04 -1.331e-04 -1.142e-04 -2.388e-04 -1.209e-04  2.275e-04
  0.15  0.191  0.177  0.995  2.58e-04 -5.557e-06 -8.184e-05 -1.517e-04 -1.077e-04  1.922e-04
  0.25  0.181  0.190  0.995  2.49e-04 -2.649e-05 -6.202e-05 -1.584e-04 -1.268e-04  1.605e-04
  0.35  0.174  0.200  0.995  2.46e-04 -5.039e-06 -5.560e-05 -1.326e-04 -1.090e-04  1.520e-04
  0.45  0.171  0.205  0.995  2.46e-04 -1.676e-05 -4.999e-05 -1.408e-04 -1.199e-04  1.440e-04
  0.55  0.170  0.206  0.996  2.46e-04 -7.823e-06 -4.759e-05 -1.328e-04 -1.148e-04  1.431e-04
  0.65  0.170  0.207  0.996  2.46e-04 -1.161e-05 -4.449e-05 -1.378e-04 -1.218e-04  1.418e-04
  0.75  0.170  0.207  0.996  2.47e-04 -6.334e-06 -4.237e-05 -1.347e-04 -1.207e-04  1.423e-04
  0.85  0.169  0.207  0.996  2.47e-04 -6.414e-06 -3.948e-05 -1.367e-04 -1.245e-04  1.421e-04
  0.95  0.169  0.207  0.996  2.48e-04 -3.485e-06 -3.689e-05 -1.359e-04 -1.254e-04  1.426e-04
  1.05  0.169  0.207  0.995  2.48e-04 -1.173e-06 -3.349e-05 -1.356e-04 -1.270e-04  1.427e-04
  1.15  0.169  0.207  0.995  2.49e-04 -1.547e-07 -3.014e-05 -1.366e-04 -1.296e-04  1.430e-04
  1.25  0.169  0.207  0.995  2.50e-04  4.498e-06 -2.573e-05 -1.341e-04 -1.288e-04  1.431e-04
  1.35  0.169  0.207  0.995  2.50e-04  3.230e-06 -2.126e-05 -1.370e-04 -1.333e-04  1.432e-04
  1.45  0.169  0.207  0.995  2.51e-04  1.119e-05 -1.532e-05 -1.311e-04 -1.289e-04  1.437e-04
  1.55  0.169  0.207  0.995  2.51e-04  5.957e-06 -9.519e-06 -1.374e-04 -1.360e-04  1.436e-04
  1.65  0.169  0.207  0.995  2.52e-04  1.858e-05 -1.496e-06 -1.265e-04 -1.262e-04  1.449e-04
  1.75  0.169  0.207  0.995  2.52e-04  1.630e-06  7.090e-06 -1.416e-04 -1.400e-04  1.430e-04
  1.85  0.169  0.207  0.995  2.52e-04  2.066e-05  2.368e-05 -1.222e-04 -1.193e-04  1.473e-04
  1.95  0.169  0.207  0.995  2.52e-04 -2.863e-05  6.025e-05 -1.485e-04 -1.233e-04  1.512e-04

outer ring, theta means; z from the base (0) to the top (2.0)
  z mm    phi  share      c   alpha-1       s_rr       s_rz       s_tt       s_zz         vM
  0.05  0.179  0.195  0.999  1.17e-04 -8.855e-07  1.804e-07 -3.468e-05 -5.970e-08  3.422e-05
  0.15  0.171  0.209  0.999  1.09e-04 -2.691e-06 -4.927e-06 -3.235e-05 -6.581e-06  2.919e-05
  0.25  0.163  0.222  0.999  1.05e-04 -4.164e-06 -9.076e-06 -3.460e-05 -1.768e-05  3.074e-05
  0.35  0.159  0.230  0.999  1.03e-04 -4.301e-06 -1.087e-05 -3.674e-05 -2.566e-05  3.421e-05
  0.45  0.157  0.234  0.999  1.02e-04 -4.305e-06 -1.153e-05 -3.787e-05 -2.977e-05  3.633e-05
  0.55  0.156  0.236  0.999  1.02e-04 -4.060e-06 -1.163e-05 -3.825e-05 -3.181e-05  3.736e-05
  0.65  0.156  0.237  0.999  1.01e-04 -3.748e-06 -1.129e-05 -3.816e-05 -3.271e-05  3.753e-05
  0.75  0.155  0.239  0.999  1.00e-04 -3.269e-06 -1.071e-05 -3.763e-05 -3.283e-05  3.719e-05
  0.85  0.154  0.240  0.999  9.97e-05 -2.862e-06 -9.879e-06 -3.695e-05 -3.253e-05  3.638e-05
  0.95  0.154  0.242  0.999  9.90e-05 -2.250e-06 -8.926e-06 -3.586e-05 -3.160e-05  3.526e-05
  1.05  0.153  0.243  0.999  9.83e-05 -1.868e-06 -7.791e-06 -3.480e-05 -3.051e-05  3.382e-05
  1.15  0.153  0.245  0.999  9.76e-05 -1.215e-06 -6.583e-06 -3.324e-05 -2.863e-05  3.208e-05
  1.25  0.152  0.247  0.999  9.69e-05 -9.253e-07 -5.245e-06 -3.182e-05 -2.662e-05  3.006e-05
  1.35  0.151  0.248  0.999  9.63e-05 -3.143e-07 -3.814e-06 -2.971e-05 -2.347e-05  2.763e-05
  1.45  0.151  0.250  0.999  9.57e-05 -1.362e-07 -2.249e-06 -2.758e-05 -1.975e-05  2.480e-05
  1.55  0.150  0.251  0.999  9.52e-05  3.742e-07 -4.648e-07 -2.435e-05 -1.399e-05  2.152e-05
  1.65  0.150  0.252  0.999  9.48e-05  3.291e-07  1.338e-06 -2.058e-05 -6.410e-06  1.863e-05
  1.75  0.150  0.253  0.999  9.44e-05  7.897e-08  1.571e-06 -1.663e-05  2.129e-06  1.803e-05
  1.85  0.150  0.254  0.999  9.42e-05 -1.245e-07 -4.357e-07 -1.566e-05  5.073e-06  1.870e-05
  1.95  0.149  0.254  0.999  9.41e-05  2.749e-08 -7.120e-07 -1.744e-05  2.382e-06  1.879e-05

theta spread of sigma_tt (inner, max over z) %: 7.30e-03
