# tooth_fr_c1  (2026-10-06 19:42, 7.1 min, 4 CPUs, Fortran point model)
# make_implant_inp.py --case 2sp_case6 --cons 1 --gw 0.3333333333 --dt 0.002 --T 1.1 --ri 4.0 --bulge 0.5 --nut outer --front 10 --blend 0.5
# PASS: tooth_fr_c1 completed (native point model)

inner (on the titanium or enamel) ring, theta means; z from the base (0) to the top (2.0)
  z mm    phi  share      c   alpha-1       s_rr       s_rz       s_tt       s_zz         vM
  0.05  1.012  0.023  0.968  1.00e-03 -1.963e-02 -1.263e-02 -2.495e-02 -1.091e-02  2.509e-02
  0.15  1.013  0.023  0.970  1.00e-03 -2.295e-03 -1.097e-02 -1.511e-02 -8.216e-03  2.201e-02
  0.25  1.013  0.023  0.972  1.01e-03 -4.030e-03 -9.589e-03 -1.764e-02 -1.159e-02  2.038e-02
  0.35  1.013  0.023  0.973  1.01e-03 -1.178e-03 -8.891e-03 -1.600e-02 -1.112e-02  2.021e-02
  0.45  1.012  0.023  0.973  1.01e-03 -2.240e-03 -7.965e-03 -1.772e-02 -1.359e-02  1.957e-02
  0.55  1.011  0.023  0.973  1.01e-03 -9.892e-04 -7.348e-03 -1.721e-02 -1.384e-02  1.954e-02
  0.65  1.010  0.023  0.973  1.00e-03 -1.144e-03 -6.684e-03 -1.789e-02 -1.509e-02  1.938e-02
  0.75  1.010  0.023  0.973  1.00e-03 -4.029e-04 -6.192e-03 -1.763e-02 -1.532e-02  1.943e-02
  0.85  1.009  0.023  0.973  1.00e-03 -1.273e-04 -5.624e-03 -1.774e-02 -1.583e-02  1.937e-02
  0.95  1.008  0.023  0.972  1.00e-03  2.502e-04 -5.119e-03 -1.772e-02 -1.617e-02  1.940e-02
  1.05  1.008  0.023  0.972  1.00e-03  8.831e-04 -4.491e-03 -1.743e-02 -1.622e-02  1.937e-02
  1.15  1.007  0.023  0.972  1.00e-03  9.303e-04 -3.871e-03 -1.768e-02 -1.677e-02  1.937e-02
  1.25  1.007  0.023  0.972  1.00e-03  1.986e-03 -3.046e-03 -1.695e-02 -1.633e-02  1.937e-02
  1.35  1.006  0.023  0.971  1.00e-03  1.604e-03 -2.191e-03 -1.756e-02 -1.719e-02  1.936e-02
  1.45  1.006  0.023  0.971  1.00e-03  3.375e-03 -1.014e-03 -1.610e-02 -1.599e-02  1.950e-02
  1.55  1.006  0.023  0.971  1.00e-03  2.266e-03  1.553e-04 -1.730e-02 -1.732e-02  1.958e-02
  1.65  1.005  0.023  0.971  1.00e-03  5.208e-03  1.748e-03 -1.465e-02 -1.486e-02  2.019e-02
  1.75  1.005  0.023  0.971  1.00e-03  1.632e-03  3.276e-03 -1.780e-02 -1.770e-02  2.019e-02
  1.85  1.005  0.023  0.971  1.00e-03  5.850e-03  5.869e-03 -1.381e-02 -1.376e-02  2.211e-02
  1.95  1.005  0.023  0.971  1.00e-03 -9.825e-03  1.176e-02 -2.434e-02 -1.949e-02  2.406e-02

outer ring, theta means; z from the base (0) to the top (2.0)
  z mm    phi  share      c   alpha-1       s_rr       s_rz       s_tt       s_zz         vM
  0.05  1.013  0.023  0.995  9.23e-04 -3.907e-04 -5.397e-04 -9.257e-03 -8.124e-04  8.714e-03
  0.15  1.014  0.023  0.996  9.28e-04 -1.121e-03 -2.302e-03 -1.073e-02 -3.495e-03  9.538e-03
  0.25  1.014  0.023  0.996  9.30e-04 -1.489e-03 -3.438e-03 -1.257e-02 -7.130e-03  1.129e-02
  0.35  1.013  0.023  0.996  9.28e-04 -1.547e-03 -4.001e-03 -1.369e-02 -9.557e-03  1.274e-02
  0.45  1.012  0.023  0.996  9.27e-04 -1.585e-03 -4.298e-03 -1.436e-02 -1.102e-02  1.368e-02
  0.55  1.011  0.023  0.996  9.26e-04 -1.516e-03 -4.421e-03 -1.472e-02 -1.192e-02  1.428e-02
  0.65  1.010  0.023  0.996  9.26e-04 -1.445e-03 -4.406e-03 -1.496e-02 -1.253e-02  1.463e-02
  0.75  1.009  0.023  0.996  9.27e-04 -1.287e-03 -4.291e-03 -1.504e-02 -1.289e-02  1.481e-02
  0.85  1.009  0.023  0.996  9.27e-04 -1.159e-03 -4.078e-03 -1.508e-02 -1.312e-02  1.484e-02
  0.95  1.008  0.023  0.996  9.28e-04 -9.383e-04 -3.796e-03 -1.497e-02 -1.312e-02  1.475e-02
  1.05  1.007  0.023  0.996  9.29e-04 -7.979e-04 -3.431e-03 -1.486e-02 -1.304e-02  1.452e-02
  1.15  1.007  0.023  0.996  9.24e-04 -5.643e-04 -3.009e-03 -1.452e-02 -1.268e-02  1.413e-02
  1.25  1.007  0.023  0.996  9.19e-04 -4.178e-04 -2.538e-03 -1.417e-02 -1.221e-02  1.361e-02
  1.35  1.006  0.023  0.996  9.20e-04 -2.214e-04 -2.034e-03 -1.372e-02 -1.147e-02  1.301e-02
  1.45  1.006  0.023  0.996  9.21e-04 -1.033e-04 -1.480e-03 -1.322e-02 -1.052e-02  1.227e-02
  1.55  1.006  0.023  0.996  9.22e-04  6.868e-05 -8.415e-04 -1.242e-02 -9.012e-03  1.127e-02
  1.65  1.005  0.023  0.996  9.22e-04  1.442e-04 -1.013e-04 -1.132e-02 -6.795e-03  1.001e-02
  1.75  1.005  0.023  0.996  9.23e-04  1.419e-04  4.920e-04 -9.829e-03 -3.612e-03  8.764e-03
  1.85  1.005  0.023  0.996  9.23e-04  1.639e-05  3.209e-04 -8.652e-03 -8.144e-04  8.303e-03
  1.95  1.005  0.023  0.996  9.23e-04  3.435e-05 -1.171e-04 -8.430e-03  6.939e-05  8.485e-03

theta spread of sigma_tt (inner, max over z) %: 5.98e-03
