# tooth_pr_c1  (2026-10-06 19:50, 7.8 min, 4 CPUs, Fortran point model)
# make_implant_inp.py --case 2sp_case6 --cons 1 --gw 0.3333333333 --dt 0.002 --T 1.1 --ri 4.0 --bulge 0.5 --nut outer --front 10
# PASS: tooth_pr_c1 completed (native point model)

inner (on the titanium or enamel) ring, theta means; z from the base (0) to the top (2.0)
  z mm    phi  share      c   alpha-1       s_rr       s_rz       s_tt       s_zz         vM
  0.05  0.733  0.031  0.971  7.90e-04 -1.202e-02 -7.493e-03 -1.323e-02 -4.804e-03  1.519e-02
  0.15  1.031  0.024  0.971  9.34e-04 -6.840e-03 -1.033e-02 -1.561e-02 -7.665e-03  1.976e-02
  0.25  1.136  0.023  0.971  9.96e-04 -4.617e-03 -1.000e-02 -1.735e-02 -1.062e-02  2.054e-02
  0.35  1.091  0.023  0.972  9.94e-04 -1.981e-03 -9.012e-03 -1.627e-02 -1.112e-02  2.002e-02
  0.45  1.053  0.023  0.972  9.93e-04 -1.904e-03 -8.140e-03 -1.697e-02 -1.267e-02  1.948e-02
  0.55  1.020  0.023  0.973  9.89e-04 -1.223e-03 -7.434e-03 -1.697e-02 -1.344e-02  1.925e-02
  0.65  1.005  0.023  0.973  9.88e-04 -1.001e-03 -6.765e-03 -1.733e-02 -1.441e-02  1.910e-02
  0.75  1.003  0.023  0.973  9.89e-04 -5.896e-04 -6.217e-03 -1.744e-02 -1.504e-02  1.911e-02
  0.85  1.003  0.023  0.973  9.89e-04 -7.491e-05 -5.645e-03 -1.737e-02 -1.541e-02  1.909e-02
  0.95  1.003  0.023  0.972  9.90e-04  1.477e-04 -5.116e-03 -1.753e-02 -1.594e-02  1.911e-02
  1.05  1.003  0.023  0.972  9.90e-04  8.994e-04 -4.492e-03 -1.714e-02 -1.590e-02  1.911e-02
  1.15  1.003  0.023  0.972  9.91e-04  8.637e-04 -3.862e-03 -1.748e-02 -1.655e-02  1.911e-02
  1.25  1.003  0.023  0.972  9.91e-04  1.973e-03 -3.046e-03 -1.671e-02 -1.608e-02  1.912e-02
  1.35  1.003  0.023  0.971  9.91e-04  1.551e-03 -2.193e-03 -1.736e-02 -1.699e-02  1.911e-02
  1.45  1.003  0.023  0.971  9.92e-04  3.334e-03 -1.030e-03 -1.590e-02 -1.578e-02  1.925e-02
  1.55  1.003  0.023  0.971  9.92e-04  2.216e-03  1.289e-04 -1.711e-02 -1.712e-02  1.933e-02
  1.65  1.003  0.023  0.971  9.92e-04  5.133e-03  1.700e-03 -1.449e-02 -1.469e-02  1.994e-02
  1.75  1.003  0.023  0.971  9.93e-04  1.598e-03  3.211e-03 -1.760e-02 -1.750e-02  1.994e-02
  1.85  1.003  0.023  0.971  9.93e-04  5.758e-03  5.771e-03 -1.367e-02 -1.362e-02  2.182e-02
  1.95  1.003  0.023  0.971  9.93e-04 -9.654e-03  1.159e-02 -2.401e-02 -1.924e-02  2.374e-02

outer ring, theta means; z from the base (0) to the top (2.0)
  z mm    phi  share      c   alpha-1       s_rr       s_rz       s_tt       s_zz         vM
  0.05  0.890  0.026  0.995  8.03e-04  1.219e-04 -4.312e-04 -6.166e-03 -3.345e-04  6.119e-03
  0.15  1.087  0.023  0.996  8.96e-04 -1.141e-03 -1.398e-03 -1.004e-02 -2.475e-03  8.660e-03
  0.25  1.099  0.023  0.996  9.16e-04 -1.160e-03 -2.913e-03 -1.150e-02 -5.418e-03  1.032e-02
  0.35  1.047  0.023  0.996  9.09e-04 -1.505e-03 -3.633e-03 -1.291e-02 -8.299e-03  1.176e-02
  0.45  1.023  0.023  0.996  9.09e-04 -1.491e-03 -4.046e-03 -1.375e-02 -1.014e-02  1.297e-02
  0.55  1.006  0.023  0.996  9.08e-04 -1.471e-03 -4.227e-03 -1.424e-02 -1.129e-02  1.370e-02
  0.65  1.003  0.023  0.996  9.09e-04 -1.391e-03 -4.241e-03 -1.454e-02 -1.201e-02  1.414e-02
  0.75  1.003  0.023  0.996  9.10e-04 -1.253e-03 -4.156e-03 -1.467e-02 -1.244e-02  1.438e-02
  0.85  1.003  0.023  0.996  9.11e-04 -1.129e-03 -3.967e-03 -1.474e-02 -1.273e-02  1.446e-02
  0.95  1.003  0.023  0.996  9.12e-04 -9.170e-04 -3.703e-03 -1.465e-02 -1.277e-02  1.441e-02
  1.05  1.003  0.023  0.996  9.14e-04 -7.818e-04 -3.354e-03 -1.457e-02 -1.273e-02  1.421e-02
  1.15  1.003  0.023  0.996  9.09e-04 -5.521e-04 -2.946e-03 -1.424e-02 -1.239e-02  1.384e-02
  1.25  1.003  0.023  0.996  9.04e-04 -4.108e-04 -2.488e-03 -1.391e-02 -1.196e-02  1.335e-02
  1.35  1.003  0.023  0.996  9.05e-04 -2.164e-04 -1.995e-03 -1.348e-02 -1.124e-02  1.277e-02
  1.45  1.003  0.023  0.996  9.06e-04 -1.021e-04 -1.453e-03 -1.299e-02 -1.032e-02  1.205e-02
  1.55  1.003  0.023  0.996  9.07e-04  6.847e-05 -8.256e-04 -1.220e-02 -8.840e-03  1.108e-02
  1.65  1.003  0.023  0.996  9.08e-04  1.414e-04 -9.867e-05 -1.113e-02 -6.666e-03  9.836e-03
  1.75  1.003  0.023  0.996  9.08e-04  1.398e-04  4.830e-04 -9.665e-03 -3.539e-03  8.620e-03
  1.85  1.003  0.023  0.996  9.09e-04  1.622e-05  3.138e-04 -8.513e-03 -7.974e-04  8.171e-03
  1.95  1.003  0.023  0.996  9.09e-04  3.408e-05 -1.148e-04 -8.297e-03  6.735e-05  8.350e-03

theta spread of sigma_tt (inner, max over z) %: 5.67e-03
