# wp2_tooth_clamped_ph01  (2026-10-07 18:22, 16 min, 4 CPUs, Fortran point model)
# make_implant_inp.py --case 2sp_case6 --cons 1 --first-order --front 10 --blend 0.5 --dt 0.002 --T 1.0 --bulge 1 --nut outer --base clamped --ph 0.1 --ph-local
# PASS: wp2_tooth_clamped_ph01 completed (native point model)

inner (on the titanium or enamel) ring, theta means; z from the base (0) to the top (2.0)
  z mm    phi  share      c   alpha-1       s_rr       s_rz       s_tt       s_zz         vM
  0.05  3.331  0.024  0.901  1.34e-05 -1.627e-03 -2.237e-05 -1.832e-03 -1.846e-03  2.162e-04
  0.15  4.240  0.024  0.909  3.06e-05 -7.529e-04 -2.644e-04 -1.282e-03 -1.254e-03  6.898e-04
  0.25  4.821  0.024  0.914  6.05e-05 -5.942e-04 -5.742e-04 -1.386e-03 -1.023e-03  1.209e-03
  0.35  4.384  0.024  0.921  8.28e-05 -5.459e-04 -7.911e-04 -1.535e-03 -9.223e-04  1.620e-03
  0.45  3.636  0.024  0.931  8.82e-05 -5.114e-04 -8.341e-04 -1.571e-03 -9.209e-04  1.716e-03
  0.55  3.015  0.024  0.942  8.80e-05 -4.777e-04 -8.243e-04 -1.570e-03 -9.556e-04  1.714e-03
  0.65  2.545  0.024  0.950  8.78e-05 -4.461e-04 -8.134e-04 -1.568e-03 -9.889e-04  1.712e-03
  0.75  2.184  0.023  0.956  8.82e-05 -4.119e-04 -8.064e-04 -1.572e-03 -1.021e-03  1.721e-03
  0.85  1.907  0.023  0.961  8.92e-05 -3.712e-04 -8.008e-04 -1.579e-03 -1.057e-03  1.739e-03
  0.95  1.688  0.023  0.964  9.05e-05 -3.213e-04 -7.937e-04 -1.588e-03 -1.100e-03  1.765e-03
  1.05  1.513  0.023  0.967  9.24e-05 -2.607e-04 -7.828e-04 -1.602e-03 -1.151e-03  1.799e-03
  1.15  1.379  0.023  0.969  9.50e-05 -1.839e-04 -7.646e-04 -1.620e-03 -1.214e-03  1.843e-03
  1.25  1.274  0.023  0.970  9.86e-05 -8.471e-05 -7.336e-04 -1.644e-03 -1.291e-03  1.903e-03
  1.35  1.183  0.023  0.971  1.04e-04  5.037e-05 -6.816e-04 -1.675e-03 -1.384e-03  1.988e-03
  1.45  1.109  0.023  0.972  1.12e-04  2.259e-04 -5.943e-04 -1.724e-03 -1.504e-03  2.117e-03
  1.55  1.061  0.023  0.972  1.23e-04  4.455e-04 -4.427e-04 -1.796e-03 -1.650e-03  2.304e-03
  1.65  1.036  0.023  0.972  1.36e-04  6.872e-04 -1.854e-04 -1.881e-03 -1.804e-03  2.551e-03
  1.75  1.023  0.023  0.972  1.44e-04  8.358e-04  2.190e-04 -1.934e-03 -1.894e-03  2.776e-03
  1.85  1.017  0.023  0.972  1.45e-04  8.394e-04  8.051e-04 -1.939e-03 -1.891e-03  3.087e-03
  1.95  1.013  0.023  0.972  6.22e-05 -1.086e-03  1.479e-03 -1.819e-03 -1.371e-03  2.641e-03

outer ring, theta means; z from the base (0) to the top (2.0)
  z mm    phi  share      c   alpha-1       s_rr       s_rz       s_tt       s_zz         vM
  0.05  4.234  0.023  0.983  8.15e-06 -1.038e-03 -2.069e-04 -1.663e-03 -2.285e-03  1.138e-03
  0.15  5.704  0.023  0.987  1.05e-04 -5.175e-04 -9.431e-04 -1.624e-03 -8.645e-04  1.905e-03
  0.25  5.788  0.023  0.987  9.48e-05 -5.651e-04 -7.092e-04 -1.536e-03 -9.018e-04  1.496e-03
  0.35  4.283  0.023  0.989  9.16e-05 -5.468e-04 -7.408e-04 -1.511e-03 -9.458e-04  1.533e-03
  0.45  3.144  0.023  0.991  8.75e-05 -5.342e-04 -7.395e-04 -1.483e-03 -9.861e-04  1.522e-03
  0.55  2.419  0.023  0.992  8.64e-05 -5.142e-04 -7.348e-04 -1.479e-03 -1.017e-03  1.522e-03
  0.65  2.004  0.023  0.993  8.68e-05 -4.867e-04 -7.255e-04 -1.482e-03 -1.044e-03  1.525e-03
  0.75  1.762  0.023  0.994  8.76e-05 -4.545e-04 -7.129e-04 -1.488e-03 -1.074e-03  1.529e-03
  0.85  1.579  0.023  0.995  8.89e-05 -4.175e-04 -6.967e-04 -1.497e-03 -1.110e-03  1.534e-03
  0.95  1.435  0.023  0.995  9.08e-05 -3.764e-04 -6.760e-04 -1.511e-03 -1.150e-03  1.543e-03
  1.05  1.325  0.023  0.995  9.34e-05 -3.309e-04 -6.493e-04 -1.531e-03 -1.193e-03  1.554e-03
  1.15  1.237  0.023  0.995  9.72e-05 -2.808e-04 -6.142e-04 -1.558e-03 -1.237e-03  1.567e-03
  1.25  1.164  0.023  0.996  1.03e-04 -2.262e-04 -5.671e-04 -1.595e-03 -1.276e-03  1.582e-03
  1.35  1.106  0.023  0.996  1.11e-04 -1.655e-04 -5.018e-04 -1.644e-03 -1.297e-03  1.596e-03
  1.45  1.066  0.023  0.996  1.24e-04 -1.013e-04 -4.112e-04 -1.713e-03 -1.277e-03  1.610e-03
  1.55  1.041  0.023  0.996  1.46e-04 -2.994e-05 -2.871e-04 -1.826e-03 -1.181e-03  1.652e-03
  1.65  1.027  0.023  0.996  1.83e-04  2.302e-05 -1.346e-04 -2.047e-03 -9.736e-04  1.808e-03
  1.75  1.019  0.023  0.996  2.34e-04  3.729e-05  1.051e-05 -2.367e-03 -6.418e-04  2.147e-03
  1.85  1.015  0.023  0.996  2.81e-04 -1.632e-06  5.164e-05 -2.677e-03 -2.648e-04  2.555e-03
  1.95  1.012  0.023  0.996  3.08e-04  7.046e-06 -3.700e-05 -2.886e-03 -4.524e-05  2.868e-03

theta spread of sigma_tt (inner, max over z) %: 6.74e-03
