# wp2_tooth_uz_none  (2026-10-07 17:23, 15.3 min, 4 CPUs, Fortran point model)
# make_implant_inp.py --case 2sp_case6 --cons 1 --first-order --front 10 --blend 0.5 --dt 0.002 --T 1.0 --bulge 1 --nut outer --base uz
# PASS: wp2_tooth_uz_none completed (native point model)

inner (on the titanium or enamel) ring, theta means; z from the base (0) to the top (2.0)
  z mm    phi  share      c   alpha-1       s_rr       s_rz       s_tt       s_zz         vM
  0.05  3.271  0.024  0.903  1.56e-03 -4.258e-02 -9.136e-03 -7.179e-02 -7.288e-02  3.371e-02
  0.15  4.146  0.024  0.911  1.74e-03 -1.288e-02 -1.294e-02 -4.844e-02 -5.127e-02  4.330e-02
  0.25  4.707  0.024  0.916  1.86e-03 -7.559e-03 -1.487e-02 -4.220e-02 -4.143e-02  4.286e-02
  0.35  4.288  0.024  0.923  1.78e-03 -2.085e-03 -1.529e-02 -3.266e-02 -2.899e-02  3.921e-02
  0.45  3.567  0.024  0.932  1.63e-03 -3.813e-03 -1.385e-02 -2.979e-02 -2.435e-02  3.375e-02
  0.55  2.966  0.024  0.943  1.50e-03 -4.314e-03 -1.257e-02 -2.778e-02 -2.232e-02  3.044e-02
  0.65  2.509  0.024  0.951  1.40e-03 -4.086e-03 -1.162e-02 -2.595e-02 -2.075e-02  2.821e-02
  0.75  2.159  0.023  0.957  1.33e-03 -3.650e-03 -1.088e-02 -2.429e-02 -1.927e-02  2.651e-02
  0.85  1.888  0.023  0.961  1.27e-03 -2.797e-03 -1.014e-02 -2.270e-02 -1.798e-02  2.515e-02
  0.95  1.674  0.023  0.965  1.23e-03 -2.438e-03 -9.506e-03 -2.198e-02 -1.769e-02  2.424e-02
  1.05  1.503  0.023  0.967  1.20e-03 -9.707e-04 -8.748e-03 -2.048e-02 -1.671e-02  2.347e-02
  1.15  1.372  0.023  0.969  1.18e-03 -8.107e-04 -7.978e-03 -2.054e-02 -1.742e-02  2.298e-02
  1.25  1.268  0.023  0.970  1.16e-03  1.334e-03 -6.964e-03 -1.885e-02 -1.645e-02  2.259e-02
  1.35  1.178  0.023  0.971  1.15e-03  1.139e-03 -5.834e-03 -1.957e-02 -1.792e-02  2.235e-02
  1.45  1.106  0.023  0.972  1.15e-03  4.116e-03 -4.280e-03 -1.732e-02 -1.644e-02  2.228e-02
  1.55  1.060  0.023  0.972  1.15e-03  3.034e-03 -2.595e-03 -1.891e-02 -1.868e-02  2.229e-02
  1.65  1.035  0.023  0.972  1.14e-03  7.171e-03 -3.448e-04 -1.547e-02 -1.582e-02  2.283e-02
  1.75  1.023  0.023  0.972  1.14e-03  3.014e-03  1.982e-03 -1.940e-02 -1.968e-02  2.282e-02
  1.85  1.016  0.023  0.972  1.14e-03  8.171e-03  5.548e-03 -1.452e-02 -1.489e-02  2.482e-02
  1.95  1.013  0.023  0.972  1.14e-03 -9.772e-03  1.284e-02 -2.674e-02 -2.176e-02  2.688e-02

outer ring, theta means; z from the base (0) to the top (2.0)
  z mm    phi  share      c   alpha-1       s_rr       s_rz       s_tt       s_zz         vM
  0.05  4.142  0.023  0.983  1.69e-03 -2.102e-02 -1.594e-02 -5.412e-02 -6.353e-02  4.751e-02
  0.15  5.557  0.023  0.987  1.98e-03 -9.581e-03 -2.328e-02 -2.984e-02 -1.993e-02  4.398e-02
  0.25  5.641  0.023  0.987  2.00e-03 -1.840e-02 -1.862e-02 -3.812e-02 -2.678e-02  3.652e-02
  0.35  4.192  0.023  0.989  1.70e-03 -1.099e-02 -1.726e-02 -3.011e-02 -2.270e-02  3.423e-02
  0.45  3.091  0.023  0.991  1.48e-03 -1.175e-02 -1.483e-02 -2.826e-02 -2.174e-02  2.946e-02
  0.55  2.387  0.023  0.992  1.34e-03 -8.362e-03 -1.298e-02 -2.396e-02 -1.854e-02  2.634e-02
  0.65  1.983  0.023  0.993  1.25e-03 -7.908e-03 -1.146e-02 -2.256e-02 -1.737e-02  2.365e-02
  0.75  1.747  0.023  0.994  1.20e-03 -6.210e-03 -1.025e-02 -2.062e-02 -1.583e-02  2.183e-02
  0.85  1.567  0.023  0.995  1.17e-03 -5.587e-03 -9.225e-03 -1.979e-02 -1.527e-02  2.033e-02
  0.95  1.427  0.023  0.995  1.14e-03 -4.402e-03 -8.258e-03 -1.859e-02 -1.442e-02  1.908e-02
  1.05  1.319  0.023  0.995  1.12e-03 -3.722e-03 -7.319e-03 -1.789e-02 -1.399e-02  1.793e-02
  1.15  1.233  0.023  0.996  1.11e-03 -2.752e-03 -6.351e-03 -1.693e-02 -1.324e-02  1.683e-02
  1.25  1.161  0.023  0.996  1.10e-03 -2.109e-03 -5.355e-03 -1.624e-02 -1.265e-02  1.574e-02
  1.35  1.104  0.023  0.996  1.09e-03 -1.315e-03 -4.299e-03 -1.530e-02 -1.168e-02  1.461e-02
  1.45  1.065  0.023  0.996  1.09e-03 -7.915e-04 -3.198e-03 -1.448e-02 -1.059e-02  1.341e-02
  1.55  1.041  0.023  0.996  1.09e-03 -2.079e-04 -1.998e-03 -1.334e-02 -8.882e-03  1.207e-02
  1.65  1.027  0.023  0.996  1.08e-03  1.207e-04 -7.158e-04 -1.202e-02 -6.491e-03  1.060e-02
  1.75  1.019  0.023  0.996  1.08e-03  2.294e-04  2.697e-04 -1.041e-02 -3.165e-03  9.428e-03
  1.85  1.015  0.023  0.996  1.08e-03  6.730e-05  2.350e-04 -9.376e-03 -4.702e-04  9.195e-03
  1.95  1.012  0.023  0.996  1.08e-03  4.523e-05 -1.531e-04 -9.418e-03  1.844e-04  9.537e-03

theta spread of sigma_tt (inner, max over z) %: 5.84e-03
