# wp2_imp_uz_none  (2026-10-07 16:17, 7.7 min, 4 CPUs, Fortran point model)
# make_implant_inp.py --case 2sp_case6 --cons 1 --first-order --front 10 --blend 0.5 --dt 0.002 --T 1.0 --base uz
# PASS: wp2_imp_uz_none completed (native point model)

inner (on the titanium or enamel) ring, theta means; z from the base (0) to the top (2.0)
  z mm    phi  share      c   alpha-1       s_rr       s_rz       s_tt       s_zz         vM
  0.05  1.005  0.404  0.265  1.08e-03  1.894e-03  5.198e-05 -1.902e-02 -1.919e-02  2.100e-02
  0.15  1.005  0.400  0.268  1.08e-03  1.894e-03  1.265e-04 -1.894e-02 -1.913e-02  2.093e-02
  0.25  1.005  0.393  0.273  1.07e-03  1.914e-03  1.708e-04 -1.881e-02 -1.901e-02  2.083e-02
  0.35  1.005  0.381  0.281  1.07e-03  1.817e-03  1.826e-04 -1.880e-02 -1.900e-02  2.072e-02
  0.45  1.005  0.366  0.292  1.06e-03  1.852e-03  2.028e-04 -1.868e-02 -1.888e-02  2.064e-02
  0.55  1.006  0.346  0.306  1.06e-03  1.735e-03  2.141e-04 -1.873e-02 -1.893e-02  2.057e-02
  0.65  1.006  0.321  0.323  1.06e-03  1.898e-03  2.494e-04 -1.854e-02 -1.874e-02  2.054e-02
  0.75  1.006  0.291  0.343  1.06e-03  1.759e-03  2.754e-04 -1.866e-02 -1.885e-02  2.052e-02
  0.85  1.006  0.254  0.367  1.06e-03  2.023e-03  3.636e-04 -1.843e-02 -1.860e-02  2.055e-02
  0.95  1.006  0.210  0.394  1.06e-03  1.772e-03  4.649e-04 -1.869e-02 -1.884e-02  2.055e-02
  1.05  1.006  0.158  0.425  1.06e-03  2.262e-03  6.700e-04 -1.824e-02 -1.836e-02  2.059e-02
  1.15  1.006  0.096  0.461  1.07e-03  1.826e-03  8.855e-04 -1.866e-02 -1.874e-02  2.058e-02
  1.25  1.006  0.039  0.501  1.07e-03  2.666e-03  1.286e-03 -1.785e-02 -1.789e-02  2.066e-02
  1.35  1.006  0.028  0.546  1.07e-03  1.900e-03  1.710e-03 -1.855e-02 -1.851e-02  2.065e-02
  1.45  1.006  0.027  0.597  1.07e-03  3.472e-03  2.450e-03 -1.704e-02 -1.696e-02  2.091e-02
  1.55  1.005  0.027  0.654  1.07e-03  2.113e-03  3.155e-03 -1.827e-02 -1.806e-02  2.100e-02
  1.65  1.005  0.026  0.717  1.08e-03  5.026e-03  4.292e-03 -1.555e-02 -1.539e-02  2.180e-02
  1.75  1.005  0.025  0.788  1.08e-03  1.209e-03  5.330e-03 -1.883e-02 -1.823e-02  2.180e-02
  1.85  1.005  0.024  0.867  1.08e-03  5.837e-03  7.558e-03 -1.462e-02 -1.422e-02  2.412e-02
  1.95  1.005  0.024  0.954  1.08e-03 -1.126e-02  1.330e-02 -2.623e-02 -2.063e-02  2.650e-02

outer ring, theta means; z from the base (0) to the top (2.0)
  z mm    phi  share      c   alpha-1       s_rr       s_rz       s_tt       s_zz         vM
  0.05  1.005  0.448  0.265  9.73e-04  9.363e-05 -1.062e-05 -1.480e-02 -1.630e-02  1.570e-02
  0.15  1.005  0.461  0.268  9.60e-04  1.068e-04 -1.776e-05 -1.471e-02 -1.634e-02  1.569e-02
  0.25  1.005  0.461  0.273  9.43e-04  1.069e-04  4.684e-07 -1.457e-02 -1.636e-02  1.565e-02
  0.35  1.005  0.461  0.281  9.29e-04  1.119e-04  1.685e-05 -1.441e-02 -1.630e-02  1.556e-02
  0.45  1.005  0.461  0.292  9.19e-04  9.856e-05  2.565e-05 -1.429e-02 -1.621e-02  1.544e-02
  0.55  1.006  0.460  0.306  9.14e-04  1.100e-04  2.362e-05 -1.419e-02 -1.609e-02  1.534e-02
  0.65  1.006  0.456  0.323  9.14e-04  9.374e-05  2.780e-05 -1.415e-02 -1.599e-02  1.525e-02
  0.75  1.006  0.438  0.343  9.17e-04  1.135e-04  3.321e-05 -1.411e-02 -1.583e-02  1.516e-02
  0.85  1.006  0.408  0.367  9.23e-04  8.801e-05  4.605e-05 -1.410e-02 -1.568e-02  1.504e-02
  0.95  1.006  0.371  0.394  9.29e-04  1.183e-04  5.455e-05 -1.402e-02 -1.542e-02  1.489e-02
  1.05  1.006  0.326  0.425  9.35e-04  8.511e-05  7.802e-05 -1.398e-02 -1.515e-02  1.468e-02
  1.15  1.006  0.271  0.461  9.41e-04  1.229e-04  1.033e-04 -1.381e-02 -1.469e-02  1.439e-02
  1.25  1.006  0.204  0.501  9.47e-04  8.174e-05  1.454e-04 -1.365e-02 -1.416e-02  1.399e-02
  1.35  1.006  0.122  0.546  9.53e-04  1.232e-04  1.988e-04 -1.330e-02 -1.331e-02  1.343e-02
  1.45  1.005  0.044  0.597  9.59e-04  8.087e-05  2.842e-04 -1.289e-02 -1.224e-02  1.267e-02
  1.55  1.005  0.027  0.654  9.64e-04  1.213e-04  4.346e-04 -1.214e-02 -1.053e-02  1.157e-02
  1.65  1.005  0.026  0.717  9.69e-04  9.730e-05  7.081e-04 -1.104e-02 -8.023e-03  1.006e-02
  1.75  1.005  0.025  0.788  9.74e-04  6.137e-05  9.256e-04 -9.434e-03 -4.342e-03  8.385e-03
  1.85  1.005  0.024  0.867  9.78e-04 -4.695e-06  4.646e-04 -8.137e-03 -9.896e-04  7.730e-03
  1.95  1.005  0.024  0.954  9.79e-04  4.321e-05 -1.357e-04 -8.063e-03  1.043e-04  8.141e-03

theta spread of sigma_tt (inner, max over z) %: 6.43e-03
