# wp2_imp_free_ph01  (2026-10-07 16:10, 7 min, 4 CPUs, Fortran point model)
# make_implant_inp.py --case 2sp_case6 --cons 1 --first-order --front 10 --blend 0.5 --dt 0.002 --T 1.0 --base free --ph 0.1 --ph-local
# PASS: wp2_imp_free_ph01 completed (native point model)

inner (on the titanium or enamel) ring, theta means; z from the base (0) to the top (2.0)
  z mm    phi  share      c   alpha-1       s_rr       s_rz       s_tt       s_zz         vM
  0.05  1.005  0.404  0.265  7.00e-05 -1.358e-03 -1.554e-03 -2.103e-03 -1.527e-03  2.775e-03
  0.15  1.005  0.400  0.268  1.40e-04  6.542e-04 -1.047e-03 -1.895e-03 -1.745e-03  3.071e-03
  0.25  1.005  0.393  0.273  1.35e-04  6.185e-04 -6.414e-04 -1.868e-03 -1.739e-03  2.667e-03
  0.35  1.005  0.381  0.281  1.26e-04  5.552e-04 -3.689e-04 -1.809e-03 -1.740e-03  2.417e-03
  0.45  1.005  0.366  0.292  1.13e-04  4.201e-04 -1.907e-04 -1.726e-03 -1.694e-03  2.155e-03
  0.55  1.006  0.346  0.306  1.03e-04  3.095e-04 -8.753e-05 -1.659e-03 -1.652e-03  1.971e-03
  0.65  1.006  0.321  0.323  9.64e-05  2.351e-04 -3.439e-05 -1.618e-03 -1.625e-03  1.857e-03
  0.75  1.006  0.291  0.343  9.28e-05  1.899e-04 -1.030e-05 -1.600e-03 -1.614e-03  1.797e-03
  0.85  1.006  0.254  0.367  9.11e-05  1.698e-04 -2.426e-06 -1.591e-03 -1.609e-03  1.770e-03
  0.95  1.006  0.210  0.394  9.05e-05  1.627e-04 -2.579e-06 -1.588e-03 -1.608e-03  1.761e-03
  1.05  1.006  0.158  0.425  9.07e-05  1.633e-04 -4.848e-06 -1.590e-03 -1.609e-03  1.763e-03
  1.15  1.006  0.096  0.461  9.16e-05  1.721e-04 -3.704e-06 -1.597e-03 -1.614e-03  1.778e-03
  1.25  1.006  0.039  0.501  9.35e-05  1.929e-04  6.921e-06 -1.609e-03 -1.621e-03  1.808e-03
  1.35  1.006  0.028  0.546  9.71e-05  2.408e-04  3.471e-05 -1.624e-03 -1.630e-03  1.869e-03
  1.45  1.006  0.027  0.597  1.04e-04  3.163e-04  9.067e-05 -1.663e-03 -1.656e-03  1.982e-03
  1.55  1.005  0.027  0.654  1.14e-04  4.247e-04  1.952e-04 -1.729e-03 -1.696e-03  2.164e-03
  1.65  1.005  0.026  0.717  1.26e-04  5.562e-04  3.742e-04 -1.810e-03 -1.741e-03  2.421e-03
  1.75  1.005  0.025  0.788  1.35e-04  6.163e-04  6.468e-04 -1.867e-03 -1.739e-03  2.668e-03
  1.85  1.005  0.024  0.867  1.39e-04  6.398e-04  1.052e-03 -1.889e-03 -1.736e-03  3.059e-03
  1.95  1.005  0.024  0.954  6.66e-05 -1.351e-03  1.547e-03 -2.043e-03 -1.478e-03  2.755e-03

outer ring, theta means; z from the base (0) to the top (2.0)
  z mm    phi  share      c   alpha-1       s_rr       s_rz       s_tt       s_zz         vM
  0.05  1.005  0.448  0.265  3.07e-04  1.962e-06  2.870e-05 -2.817e-03 -7.912e-05  2.779e-03
  0.15  1.005  0.461  0.268  2.69e-04 -1.308e-05 -1.150e-04 -2.525e-03 -3.859e-04  2.356e-03
  0.25  1.005  0.461  0.273  2.09e-04  3.130e-05 -1.348e-04 -2.136e-03 -8.634e-04  1.900e-03
  0.35  1.005  0.461  0.281  1.52e-04  4.155e-05 -7.970e-05 -1.787e-03 -1.257e-03  1.635e-03
  0.45  1.005  0.461  0.292  1.18e-04  2.733e-05 -3.415e-05 -1.599e-03 -1.494e-03  1.578e-03
  0.55  1.006  0.460  0.306  1.02e-04  1.903e-05 -1.057e-05 -1.514e-03 -1.602e-03  1.579e-03
  0.65  1.006  0.456  0.323  9.41e-05  1.557e-05 -1.405e-06 -1.472e-03 -1.640e-03  1.579e-03
  0.75  1.006  0.438  0.343  9.09e-05  1.388e-05  1.528e-06 -1.451e-03 -1.647e-03  1.572e-03
  0.85  1.006  0.408  0.367  8.96e-05  1.313e-05  1.304e-06 -1.441e-03 -1.645e-03  1.566e-03
  0.95  1.006  0.371  0.394  8.92e-05  1.300e-05  3.001e-07 -1.437e-03 -1.643e-03  1.564e-03
  1.05  1.006  0.326  0.425  8.95e-05  1.321e-05 -8.421e-07 -1.440e-03 -1.645e-03  1.566e-03
  1.15  1.006  0.271  0.461  9.04e-05  1.332e-05 -1.766e-06 -1.450e-03 -1.649e-03  1.572e-03
  1.25  1.006  0.204  0.501  9.26e-05  1.439e-05 -1.936e-06 -1.469e-03 -1.654e-03  1.584e-03
  1.35  1.006  0.122  0.546  9.67e-05  1.509e-05  8.777e-07 -1.501e-03 -1.651e-03  1.596e-03
  1.45  1.005  0.044  0.597  1.04e-04  1.908e-05  9.891e-06 -1.547e-03 -1.617e-03  1.602e-03
  1.55  1.005  0.027  0.654  1.20e-04  2.522e-05  3.376e-05 -1.625e-03 -1.509e-03  1.597e-03
  1.65  1.005  0.026  0.717  1.52e-04  4.525e-05  8.116e-05 -1.789e-03 -1.265e-03  1.642e-03
  1.75  1.005  0.025  0.788  2.09e-04  3.022e-05  1.366e-04 -2.137e-03 -8.660e-04  1.901e-03
  1.85  1.005  0.024  0.867  2.69e-04 -1.341e-05  1.150e-04 -2.526e-03 -3.860e-04  2.357e-03
  1.95  1.005  0.024  0.954  3.07e-04  2.253e-06 -2.894e-05 -2.816e-03 -7.903e-05  2.779e-03

theta spread of sigma_tt (inner, max over z) %: 5.60e-03
