# wp2_imp_uz_ph01  (2026-10-07 16:25, 7.7 min, 4 CPUs, Fortran point model)
# make_implant_inp.py --case 2sp_case6 --cons 1 --first-order --front 10 --blend 0.5 --dt 0.002 --T 1.0 --base uz --ph 0.1 --ph-local
# PASS: wp2_imp_uz_ph01 completed (native point model)

inner (on the titanium or enamel) ring, theta means; z from the base (0) to the top (2.0)
  z mm    phi  share      c   alpha-1       s_rr       s_rz       s_tt       s_zz         vM
  0.05  1.005  0.404  0.265  9.12e-05  1.714e-04  3.810e-06 -1.588e-03 -1.602e-03  1.767e-03
  0.15  1.005  0.400  0.268  9.07e-05  1.722e-04  8.417e-06 -1.580e-03 -1.597e-03  1.761e-03
  0.25  1.005  0.393  0.273  9.02e-05  1.669e-04  8.329e-06 -1.576e-03 -1.594e-03  1.752e-03
  0.35  1.005  0.381  0.281  8.97e-05  1.618e-04  6.293e-06 -1.573e-03 -1.592e-03  1.744e-03
  0.45  1.005  0.366  0.292  8.95e-05  1.591e-04  3.654e-06 -1.572e-03 -1.590e-03  1.740e-03
  0.55  1.006  0.346  0.306  8.94e-05  1.583e-04  5.069e-07 -1.571e-03 -1.590e-03  1.739e-03
  0.65  1.006  0.321  0.323  8.94e-05  1.583e-04 -2.930e-06 -1.571e-03 -1.590e-03  1.739e-03
  0.75  1.006  0.291  0.343  8.95e-05  1.588e-04 -6.684e-06 -1.571e-03 -1.591e-03  1.740e-03
  0.85  1.006  0.254  0.367  8.96e-05  1.596e-04 -1.077e-05 -1.572e-03 -1.592e-03  1.742e-03
  0.95  1.006  0.210  0.394  8.98e-05  1.614e-04 -1.455e-05 -1.575e-03 -1.595e-03  1.747e-03
  1.05  1.006  0.158  0.425  9.04e-05  1.649e-04 -1.660e-05 -1.582e-03 -1.601e-03  1.757e-03
  1.15  1.006  0.096  0.461  9.15e-05  1.743e-04 -1.380e-05 -1.592e-03 -1.608e-03  1.775e-03
  1.25  1.006  0.039  0.501  9.35e-05  1.949e-04 -1.140e-06 -1.607e-03 -1.618e-03  1.807e-03
  1.35  1.006  0.028  0.546  9.72e-05  2.427e-04  2.851e-05 -1.624e-03 -1.628e-03  1.869e-03
  1.45  1.006  0.027  0.597  1.04e-04  3.176e-04  8.619e-05 -1.664e-03 -1.656e-03  1.983e-03
  1.55  1.005  0.027  0.654  1.14e-04  4.262e-04  1.922e-04 -1.730e-03 -1.696e-03  2.165e-03
  1.65  1.005  0.026  0.717  1.26e-04  5.576e-04  3.723e-04 -1.811e-03 -1.742e-03  2.422e-03
  1.75  1.005  0.025  0.788  1.35e-04  6.174e-04  6.457e-04 -1.867e-03 -1.739e-03  2.669e-03
  1.85  1.005  0.024  0.867  1.39e-04  6.402e-04  1.052e-03 -1.890e-03 -1.736e-03  3.059e-03
  1.95  1.005  0.024  0.954  6.66e-05 -1.350e-03  1.547e-03 -2.041e-03 -1.477e-03  2.754e-03

outer ring, theta means; z from the base (0) to the top (2.0)
  z mm    phi  share      c   alpha-1       s_rr       s_rz       s_tt       s_zz         vM
  0.05  1.005  0.448  0.265  9.60e-05  1.012e-05 -1.646e-06 -1.488e-03 -1.611e-03  1.563e-03
  0.15  1.005  0.461  0.268  9.27e-05  1.372e-05 -2.183e-06 -1.456e-03 -1.613e-03  1.554e-03
  0.25  1.005  0.461  0.273  8.94e-05  1.508e-05  5.187e-07 -1.424e-03 -1.610e-03  1.541e-03
  0.35  1.005  0.461  0.281  8.84e-05  1.353e-05  2.015e-06 -1.413e-03 -1.605e-03  1.531e-03
  0.45  1.005  0.461  0.292  8.87e-05  1.223e-05  1.256e-06 -1.415e-03 -1.600e-03  1.528e-03
  0.55  1.006  0.460  0.306  8.90e-05  1.238e-05  1.511e-07 -1.416e-03 -1.598e-03  1.527e-03
  0.65  1.006  0.456  0.323  8.90e-05  1.260e-05 -6.500e-07 -1.417e-03 -1.599e-03  1.528e-03
  0.75  1.006  0.438  0.343  8.89e-05  1.276e-05 -1.134e-06 -1.418e-03 -1.602e-03  1.531e-03
  0.85  1.006  0.408  0.367  8.90e-05  1.272e-05 -1.489e-06 -1.421e-03 -1.608e-03  1.536e-03
  0.95  1.006  0.371  0.394  8.91e-05  1.279e-05 -1.881e-06 -1.425e-03 -1.615e-03  1.542e-03
  1.05  1.006  0.326  0.425  8.95e-05  1.318e-05 -2.331e-06 -1.432e-03 -1.623e-03  1.550e-03
  1.15  1.006  0.271  0.461  9.06e-05  1.329e-05 -2.774e-06 -1.444e-03 -1.633e-03  1.561e-03
  1.25  1.006  0.204  0.501  9.27e-05  1.436e-05 -2.655e-06 -1.465e-03 -1.642e-03  1.575e-03
  1.35  1.006  0.122  0.546  9.68e-05  1.512e-05  3.349e-07 -1.498e-03 -1.642e-03  1.590e-03
  1.45  1.005  0.044  0.597  1.05e-04  1.898e-05  9.430e-06 -1.546e-03 -1.610e-03  1.598e-03
  1.55  1.005  0.027  0.654  1.20e-04  2.544e-05  3.341e-05 -1.624e-03 -1.505e-03  1.594e-03
  1.65  1.005  0.026  0.717  1.53e-04  4.494e-05  8.077e-05 -1.790e-03 -1.262e-03  1.642e-03
  1.75  1.005  0.025  0.788  2.09e-04  3.030e-05  1.362e-04 -2.138e-03 -8.646e-04  1.902e-03
  1.85  1.005  0.024  0.867  2.69e-04 -1.334e-05  1.149e-04 -2.526e-03 -3.855e-04  2.357e-03
  1.95  1.005  0.024  0.954  3.07e-04  2.276e-06 -2.895e-05 -2.816e-03 -7.893e-05  2.779e-03

theta spread of sigma_tt (inner, max over z) %: 5.81e-03
