# wp2_tooth_free_none  (2026-10-07 16:50, 9.2 min, 4 CPUs, Fortran point model)
# make_implant_inp.py --case 2sp_case6 --cons 1 --first-order --front 10 --blend 0.5 --dt 0.002 --T 1.0 --bulge 1 --nut outer --base free
# PASS: wp2_tooth_free_none completed (native point model)

inner (on the titanium or enamel) ring, theta means; z from the base (0) to the top (2.0)
  z mm    phi  share      c   alpha-1       s_rr       s_rz       s_tt       s_zz         vM
  0.05  3.285  0.024  0.902  1.56e-03 -3.840e-02 -1.522e-02 -3.789e-02 -6.917e-03  4.087e-02
  0.15  4.168  0.024  0.910  1.75e-03 -1.374e-02 -1.843e-02 -2.611e-02 -4.176e-03  3.717e-02
  0.25  4.732  0.024  0.916  1.86e-03 -1.469e-02 -1.807e-02 -3.127e-02 -1.149e-02  3.630e-02
  0.35  4.306  0.024  0.923  1.78e-03 -9.778e-03 -1.675e-02 -2.936e-02 -1.428e-02  3.402e-02
  0.45  3.579  0.024  0.932  1.63e-03 -7.911e-03 -1.490e-02 -2.821e-02 -1.686e-02  3.125e-02
  0.55  2.974  0.024  0.942  1.50e-03 -5.986e-03 -1.346e-02 -2.606e-02 -1.706e-02  2.911e-02
  0.65  2.515  0.024  0.951  1.40e-03 -5.430e-03 -1.223e-02 -2.505e-02 -1.753e-02  2.725e-02
  0.75  2.163  0.023  0.957  1.33e-03 -4.417e-03 -1.131e-02 -2.371e-02 -1.728e-02  2.595e-02
  0.85  1.891  0.023  0.961  1.27e-03 -3.373e-03 -1.047e-02 -2.244e-02 -1.685e-02  2.484e-02
  0.95  1.676  0.023  0.965  1.23e-03 -2.665e-03 -9.735e-03 -2.168e-02 -1.683e-02  2.403e-02
  1.05  1.504  0.023  0.967  1.20e-03 -1.273e-03 -8.926e-03 -2.046e-02 -1.636e-02  2.335e-02
  1.15  1.373  0.023  0.969  1.18e-03 -8.278e-04 -8.111e-03 -2.034e-02 -1.700e-02  2.289e-02
  1.25  1.269  0.023  0.970  1.16e-03  1.153e-03 -7.060e-03 -1.891e-02 -1.637e-02  2.253e-02
  1.35  1.179  0.023  0.971  1.15e-03  1.181e-03 -5.914e-03 -1.944e-02 -1.770e-02  2.230e-02
  1.45  1.107  0.023  0.972  1.15e-03  4.009e-03 -4.334e-03 -1.738e-02 -1.645e-02  2.224e-02
  1.55  1.060  0.023  0.972  1.15e-03  3.077e-03 -2.645e-03 -1.884e-02 -1.857e-02  2.226e-02
  1.65  1.036  0.023  0.972  1.14e-03  7.111e-03 -3.774e-04 -1.551e-02 -1.584e-02  2.280e-02
  1.75  1.023  0.023  0.972  1.14e-03  3.043e-03  1.949e-03 -1.936e-02 -1.963e-02  2.279e-02
  1.85  1.016  0.023  0.972  1.14e-03  8.145e-03  5.528e-03 -1.454e-02 -1.490e-02  2.479e-02
  1.95  1.013  0.023  0.972  1.14e-03 -9.732e-03  1.281e-02 -2.670e-02 -2.172e-02  2.685e-02

outer ring, theta means; z from the base (0) to the top (2.0)
  z mm    phi  share      c   alpha-1       s_rr       s_rz       s_tt       s_zz         vM
  0.05  4.159  0.023  0.983  1.69e-03 -2.441e-03 -3.045e-03 -1.796e-02 -2.126e-03  1.654e-02
  0.15  5.587  0.023  0.987  1.98e-03 -6.068e-03 -7.759e-03 -2.427e-02 -7.382e-03  2.213e-02
  0.25  5.670  0.023  0.987  2.00e-03 -9.635e-03 -1.057e-02 -2.874e-02 -1.344e-02  2.534e-02
  0.35  4.209  0.023  0.989  1.70e-03 -9.152e-03 -1.180e-02 -2.651e-02 -1.550e-02  2.548e-02
  0.45  3.100  0.023  0.991  1.48e-03 -8.824e-03 -1.163e-02 -2.459e-02 -1.617e-02  2.433e-02
  0.55  2.392  0.023  0.992  1.34e-03 -7.738e-03 -1.105e-02 -2.259e-02 -1.575e-02  2.306e-02
  0.65  1.987  0.023  0.993  1.25e-03 -6.915e-03 -1.026e-02 -2.120e-02 -1.523e-02  2.169e-02
  0.75  1.749  0.023  0.994  1.20e-03 -5.999e-03 -9.519e-03 -2.006e-02 -1.467e-02  2.056e-02
  0.85  1.569  0.023  0.995  1.17e-03 -5.238e-03 -8.764e-03 -1.924e-02 -1.435e-02  1.954e-02
  0.95  1.428  0.023  0.995  1.14e-03 -4.344e-03 -7.978e-03 -1.836e-02 -1.391e-02  1.857e-02
  1.05  1.320  0.023  0.995  1.12e-03 -3.597e-03 -7.138e-03 -1.765e-02 -1.357e-02  1.760e-02
  1.15  1.233  0.023  0.995  1.11e-03 -2.744e-03 -6.243e-03 -1.683e-02 -1.300e-02  1.661e-02
  1.25  1.161  0.023  0.996  1.10e-03 -2.064e-03 -5.285e-03 -1.613e-02 -1.245e-02  1.560e-02
  1.35  1.104  0.023  0.996  1.09e-03 -1.320e-03 -4.259e-03 -1.526e-02 -1.156e-02  1.452e-02
  1.45  1.065  0.023  0.996  1.09e-03 -7.759e-04 -3.172e-03 -1.443e-02 -1.049e-02  1.335e-02
  1.55  1.041  0.023  0.996  1.09e-03 -2.142e-04 -1.986e-03 -1.332e-02 -8.822e-03  1.203e-02
  1.65  1.027  0.023  0.996  1.08e-03  1.256e-04 -7.096e-04 -1.200e-02 -6.442e-03  1.058e-02
  1.75  1.019  0.023  0.996  1.08e-03  2.251e-04  2.691e-04 -1.041e-02 -3.142e-03  9.422e-03
  1.85  1.015  0.023  0.996  1.08e-03  6.895e-05  2.337e-04 -9.370e-03 -4.588e-04  9.195e-03
  1.95  1.012  0.023  0.996  1.08e-03  4.457e-05 -1.538e-04 -9.417e-03  1.853e-04  9.537e-03

theta spread of sigma_tt (inner, max over z) %: 6.04e-03
