# wp2_imp_free_none  (2026-10-07 16:02, 6.8 min, 4 CPUs, Fortran point model)
# make_implant_inp.py --case 2sp_case6 --cons 1 --first-order --front 10 --blend 0.5 --dt 0.002 --T 1.0 --base free
# PASS: wp2_imp_free_none completed (native point model)

inner (on the titanium or enamel) ring, theta means; z from the base (0) to the top (2.0)
  z mm    phi  share      c   alpha-1       s_rr       s_rz       s_tt       s_zz         vM
  0.05  1.005  0.404  0.265  1.08e-03 -1.091e-02 -1.314e-02 -2.601e-02 -2.044e-02  2.632e-02
  0.15  1.005  0.400  0.268  1.08e-03  5.765e-03 -7.388e-03 -1.466e-02 -1.423e-02  2.392e-02
  0.25  1.005  0.393  0.273  1.07e-03  1.190e-03 -5.125e-03 -1.875e-02 -1.815e-02  2.156e-02
  0.35  1.005  0.381  0.281  1.07e-03  4.904e-03 -4.099e-03 -1.550e-02 -1.535e-02  2.153e-02
  0.45  1.005  0.366  0.292  1.06e-03  2.092e-03 -2.978e-03 -1.807e-02 -1.787e-02  2.072e-02
  0.55  1.006  0.346  0.306  1.06e-03  3.339e-03 -2.290e-03 -1.693e-02 -1.684e-02  2.061e-02
  0.65  1.006  0.321  0.323  1.06e-03  1.964e-03 -1.535e-03 -1.825e-02 -1.820e-02  2.036e-02
  0.75  1.006  0.291  0.343  1.06e-03  2.596e-03 -1.095e-03 -1.770e-02 -1.773e-02  2.040e-02
  0.85  1.006  0.254  0.367  1.06e-03  2.045e-03 -6.085e-04 -1.829e-02 -1.833e-02  2.038e-02
  0.95  1.006  0.210  0.394  1.06e-03  2.241e-03 -2.852e-04 -1.816e-02 -1.821e-02  2.043e-02
  1.05  1.006  0.158  0.425  1.06e-03  2.267e-03  1.359e-04 -1.817e-02 -1.822e-02  2.046e-02
  1.15  1.006  0.096  0.461  1.07e-03  2.093e-03  4.709e-04 -1.835e-02 -1.839e-02  2.048e-02
  1.25  1.006  0.039  0.501  1.07e-03  2.661e-03  9.899e-04 -1.782e-02 -1.783e-02  2.056e-02
  1.35  1.006  0.028  0.546  1.07e-03  2.051e-03  1.478e-03 -1.838e-02 -1.831e-02  2.056e-02
  1.45  1.006  0.027  0.597  1.07e-03  3.462e-03  2.282e-03 -1.703e-02 -1.693e-02  2.082e-02
  1.55  1.005  0.027  0.654  1.07e-03  2.196e-03  3.020e-03 -1.817e-02 -1.795e-02  2.092e-02
  1.65  1.005  0.026  0.717  1.08e-03  5.011e-03  4.192e-03 -1.555e-02 -1.538e-02  2.173e-02
  1.75  1.005  0.025  0.788  1.08e-03  1.254e-03  5.248e-03 -1.878e-02 -1.817e-02  2.173e-02
  1.85  1.005  0.024  0.867  1.08e-03  5.825e-03  7.496e-03 -1.462e-02 -1.422e-02  2.405e-02
  1.95  1.005  0.024  0.954  1.08e-03 -1.116e-02  1.323e-02 -2.615e-02 -2.056e-02  2.641e-02

outer ring, theta means; z from the base (0) to the top (2.0)
  z mm    phi  share      c   alpha-1       s_rr       s_rz       s_tt       s_zz         vM
  0.05  1.005  0.448  0.265  9.73e-04  2.961e-05  1.554e-04 -7.961e-03  1.646e-04  8.063e-03
  0.15  1.005  0.461  0.268  9.60e-04 -1.168e-05 -4.303e-04 -7.884e-03 -7.948e-04  7.548e-03
  0.25  1.005  0.461  0.273  9.43e-04  5.165e-05 -8.982e-04 -9.000e-03 -4.008e-03  8.006e-03
  0.35  1.005  0.461  0.281  9.29e-04  9.499e-05 -6.862e-04 -1.046e-02 -7.565e-03  9.523e-03
  0.45  1.005  0.461  0.292  9.19e-04  1.065e-04 -4.144e-04 -1.148e-02 -9.987e-03  1.094e-02
  0.55  1.006  0.460  0.306  9.14e-04  7.921e-05 -2.701e-04 -1.219e-02 -1.160e-02  1.199e-02
  0.65  1.006  0.456  0.323  9.14e-04  1.062e-04 -1.825e-04 -1.264e-02 -1.262e-02  1.274e-02
  0.75  1.006  0.438  0.343  9.17e-04  8.602e-05 -1.248e-04 -1.302e-02 -1.337e-02  1.329e-02
  0.85  1.006  0.408  0.367  9.23e-04  1.027e-04 -7.032e-05 -1.326e-02 -1.381e-02  1.364e-02
  0.95  1.006  0.371  0.394  9.29e-04  9.692e-05 -3.572e-05 -1.343e-02 -1.407e-02  1.386e-02
  1.05  1.006  0.326  0.425  9.35e-04  9.824e-05  1.406e-05 -1.351e-02 -1.412e-02  1.392e-02
  1.15  1.006  0.271  0.461  9.41e-04  1.075e-04  5.281e-05 -1.348e-02 -1.396e-02  1.383e-02
  1.25  1.006  0.204  0.501  9.47e-04  9.159e-05  1.105e-04 -1.339e-02 -1.360e-02  1.359e-02
  1.35  1.006  0.122  0.546  9.53e-04  1.130e-04  1.704e-04 -1.313e-02 -1.292e-02  1.314e-02
  1.45  1.005  0.044  0.597  9.59e-04  8.747e-05  2.647e-04 -1.275e-02 -1.194e-02  1.246e-02
  1.55  1.005  0.027  0.654  9.64e-04  1.150e-04  4.179e-04 -1.205e-02 -1.033e-02  1.143e-02
  1.65  1.005  0.026  0.717  9.69e-04  1.011e-04  6.954e-04 -1.098e-02 -7.878e-03  9.973e-03
  1.75  1.005  0.025  0.788  9.74e-04  5.813e-05  9.122e-04 -9.400e-03 -4.262e-03  8.352e-03
  1.85  1.005  0.024  0.867  9.78e-04 -2.494e-06  4.560e-04 -8.121e-03 -9.558e-04  7.727e-03
  1.95  1.005  0.024  0.954  9.79e-04  4.300e-05 -1.377e-04 -8.060e-03  1.090e-04  8.139e-03

theta spread of sigma_tt (inner, max over z) %: 5.80e-03
