# wp2_tooth_free_ph01  (2026-10-07 17:07, 17.2 min, 4 CPUs, Fortran point model)
# make_implant_inp.py --case 2sp_case6 --cons 1 --first-order --front 10 --blend 0.5 --dt 0.002 --T 1.0 --bulge 1 --nut outer --base free --ph 0.1 --ph-local
# PASS: wp2_tooth_free_ph01 completed (native point model)

inner (on the titanium or enamel) ring, theta means; z from the base (0) to the top (2.0)
  z mm    phi  share      c   alpha-1       s_rr       s_rz       s_tt       s_zz         vM
  0.05  3.332  0.024  0.901  5.40e-05 -2.080e-03 -6.149e-04 -1.581e-03 -3.111e-05  2.135e-03
  0.15  4.240  0.024  0.909  1.08e-04 -1.055e-03 -1.089e-03 -1.705e-03 -2.292e-04  2.280e-03
  0.25  4.822  0.024  0.914  1.12e-04 -6.770e-04 -1.086e-03 -1.725e-03 -5.746e-04  2.180e-03
  0.35  4.385  0.024  0.921  1.01e-04 -5.237e-04 -9.612e-04 -1.649e-03 -8.063e-04  1.949e-03
  0.45  3.637  0.024  0.931  9.16e-05 -4.838e-04 -8.607e-04 -1.595e-03 -9.272e-04  1.778e-03
  0.55  3.016  0.024  0.942  8.79e-05 -4.661e-04 -8.164e-04 -1.579e-03 -9.875e-04  1.711e-03
  0.65  2.545  0.024  0.950  8.73e-05 -4.372e-04 -8.039e-04 -1.571e-03 -1.014e-03  1.704e-03
  0.75  2.185  0.023  0.956  8.79e-05 -4.054e-04 -8.006e-04 -1.571e-03 -1.034e-03  1.716e-03
  0.85  1.907  0.023  0.961  8.90e-05 -3.680e-04 -7.971e-04 -1.578e-03 -1.064e-03  1.736e-03
  0.95  1.688  0.023  0.964  9.04e-05 -3.203e-04 -7.916e-04 -1.589e-03 -1.104e-03  1.763e-03
  1.05  1.513  0.023  0.967  9.24e-05 -2.596e-04 -7.816e-04 -1.602e-03 -1.153e-03  1.798e-03
  1.15  1.379  0.023  0.969  9.50e-05 -1.839e-04 -7.638e-04 -1.620e-03 -1.215e-03  1.843e-03
  1.25  1.274  0.023  0.970  9.86e-05 -8.437e-05 -7.332e-04 -1.644e-03 -1.291e-03  1.903e-03
  1.35  1.183  0.023  0.971  1.04e-04  5.022e-05 -6.814e-04 -1.675e-03 -1.385e-03  1.988e-03
  1.45  1.109  0.023  0.972  1.12e-04  2.261e-04 -5.942e-04 -1.724e-03 -1.504e-03  2.117e-03
  1.55  1.061  0.023  0.972  1.23e-04  4.454e-04 -4.426e-04 -1.796e-03 -1.650e-03  2.304e-03
  1.65  1.036  0.023  0.972  1.36e-04  6.874e-04 -1.854e-04 -1.880e-03 -1.804e-03  2.551e-03
  1.75  1.023  0.023  0.972  1.44e-04  8.357e-04  2.191e-04 -1.934e-03 -1.894e-03  2.776e-03
  1.85  1.017  0.023  0.972  1.45e-04  8.395e-04  8.051e-04 -1.939e-03 -1.891e-03  3.087e-03
  1.95  1.013  0.023  0.972  6.22e-05 -1.086e-03  1.479e-03 -1.819e-03 -1.371e-03  2.641e-03

outer ring, theta means; z from the base (0) to the top (2.0)
  z mm    phi  share      c   alpha-1       s_rr       s_rz       s_tt       s_zz         vM
  0.05  4.234  0.023  0.983  1.96e-04 -3.894e-04 -3.172e-04 -2.229e-03 -3.426e-04  1.950e-03
  0.15  5.705  0.023  0.987  1.63e-04 -6.416e-04 -7.352e-04 -2.159e-03 -7.480e-04  1.947e-03
  0.25  5.789  0.023  0.987  1.05e-04 -5.011e-04 -7.856e-04 -1.605e-03 -9.554e-04  1.675e-03
  0.35  4.284  0.023  0.989  8.96e-05 -6.030e-04 -7.682e-04 -1.554e-03 -1.040e-03  1.566e-03
  0.45  3.145  0.023  0.991  8.62e-05 -5.360e-04 -7.661e-04 -1.489e-03 -1.028e-03  1.563e-03
  0.55  2.419  0.023  0.992  8.56e-05 -5.286e-04 -7.473e-04 -1.489e-03 -1.042e-03  1.539e-03
  0.65  2.005  0.023  0.993  8.62e-05 -4.869e-04 -7.326e-04 -1.481e-03 -1.054e-03  1.535e-03
  0.75  1.762  0.023  0.994  8.73e-05 -4.581e-04 -7.162e-04 -1.490e-03 -1.081e-03  1.532e-03
  0.85  1.579  0.023  0.995  8.87e-05 -4.174e-04 -6.984e-04 -1.497e-03 -1.113e-03  1.537e-03
  0.95  1.435  0.023  0.995  9.06e-05 -3.773e-04 -6.769e-04 -1.512e-03 -1.152e-03  1.543e-03
  1.05  1.325  0.023  0.995  9.33e-05 -3.307e-04 -6.497e-04 -1.531e-03 -1.194e-03  1.554e-03
  1.15  1.238  0.023  0.995  9.71e-05 -2.811e-04 -6.144e-04 -1.558e-03 -1.238e-03  1.568e-03
  1.25  1.164  0.023  0.996  1.03e-04 -2.261e-04 -5.672e-04 -1.595e-03 -1.276e-03  1.582e-03
  1.35  1.106  0.023  0.996  1.11e-04 -1.656e-04 -5.018e-04 -1.644e-03 -1.297e-03  1.596e-03
  1.45  1.066  0.023  0.996  1.24e-04 -1.013e-04 -4.112e-04 -1.713e-03 -1.277e-03  1.610e-03
  1.55  1.041  0.023  0.996  1.46e-04 -2.998e-05 -2.871e-04 -1.826e-03 -1.181e-03  1.652e-03
  1.65  1.027  0.023  0.996  1.83e-04  2.304e-05 -1.346e-04 -2.047e-03 -9.737e-04  1.808e-03
  1.75  1.019  0.023  0.996  2.34e-04  3.728e-05  1.051e-05 -2.367e-03 -6.419e-04  2.147e-03
  1.85  1.015  0.023  0.996  2.81e-04 -1.631e-06  5.164e-05 -2.677e-03 -2.648e-04  2.555e-03
  1.95  1.012  0.023  0.996  3.08e-04  7.046e-06 -3.700e-05 -2.886e-03 -4.524e-05  2.868e-03

theta spread of sigma_tt (inner, max over z) %: 7.40e+00
