# wp2_imp_clamped_ph01  (2026-10-07 16:41, 7.7 min, 4 CPUs, Fortran point model)
# make_implant_inp.py --case 2sp_case6 --cons 1 --first-order --front 10 --blend 0.5 --dt 0.002 --T 1.0 --base clamped --ph 0.1 --ph-local
# PASS: wp2_imp_clamped_ph01 completed (native point model)

inner (on the titanium or enamel) ring, theta means; z from the base (0) to the top (2.0)
  z mm    phi  share      c   alpha-1       s_rr       s_rz       s_tt       s_zz         vM
  0.05  1.005  0.404  0.265  2.61e-05 -1.112e-03  1.671e-04 -1.506e-03 -1.439e-03  4.656e-04
  0.15  1.005  0.400  0.268  5.20e-05 -2.996e-04  1.562e-04 -1.342e-03 -1.408e-03  1.111e-03
  0.25  1.005  0.393  0.273  7.47e-05 -1.055e-05  3.777e-05 -1.475e-03 -1.517e-03  1.488e-03
  0.35  1.005  0.381  0.281  8.70e-05  1.281e-04 -2.341e-05 -1.555e-03 -1.576e-03  1.694e-03
  0.45  1.005  0.366  0.292  9.08e-05  1.707e-04 -3.147e-05 -1.580e-03 -1.594e-03  1.758e-03
  0.55  1.006  0.346  0.306  9.15e-05  1.795e-04 -2.516e-05 -1.584e-03 -1.598e-03  1.771e-03
  0.65  1.006  0.321  0.323  9.11e-05  1.758e-04 -1.821e-05 -1.582e-03 -1.597e-03  1.766e-03
  0.75  1.006  0.291  0.343  9.05e-05  1.702e-04 -1.453e-05 -1.578e-03 -1.595e-03  1.757e-03
  0.85  1.006  0.254  0.367  9.01e-05  1.659e-04 -1.420e-05 -1.576e-03 -1.595e-03  1.752e-03
  0.95  1.006  0.210  0.394  9.01e-05  1.644e-04 -1.557e-05 -1.578e-03 -1.597e-03  1.752e-03
  1.05  1.006  0.158  0.425  9.06e-05  1.661e-04 -1.641e-05 -1.584e-03 -1.602e-03  1.759e-03
  1.15  1.006  0.096  0.461  9.16e-05  1.748e-04 -1.309e-05 -1.593e-03 -1.609e-03  1.776e-03
  1.25  1.006  0.039  0.501  9.36e-05  1.950e-04 -2.974e-07 -1.607e-03 -1.619e-03  1.808e-03
  1.35  1.006  0.028  0.546  9.72e-05  2.427e-04  2.930e-05 -1.624e-03 -1.629e-03  1.870e-03
  1.45  1.006  0.027  0.597  1.04e-04  3.175e-04  8.681e-05 -1.664e-03 -1.656e-03  1.983e-03
  1.55  1.005  0.027  0.654  1.14e-04  4.260e-04  1.927e-04 -1.729e-03 -1.696e-03  2.165e-03
  1.65  1.005  0.026  0.717  1.26e-04  5.574e-04  3.726e-04 -1.811e-03 -1.742e-03  2.422e-03
  1.75  1.005  0.025  0.788  1.35e-04  6.172e-04  6.459e-04 -1.867e-03 -1.739e-03  2.669e-03
  1.85  1.005  0.024  0.867  1.39e-04  6.401e-04  1.052e-03 -1.890e-03 -1.736e-03  3.059e-03
  1.95  1.005  0.024  0.954  6.66e-05 -1.350e-03  1.547e-03 -2.041e-03 -1.477e-03  2.754e-03

outer ring, theta means; z from the base (0) to the top (2.0)
  z mm    phi  share      c   alpha-1       s_rr       s_rz       s_tt       s_zz         vM
  0.05  1.005  0.448  0.265  2.09e-05 -7.224e-04  7.589e-04 -1.671e-03 -2.420e-03  1.974e-03
  0.15  1.005  0.461  0.268  1.06e-04  1.117e-04 -8.256e-05 -1.597e-03 -1.588e-03  1.710e-03
  0.25  1.005  0.461  0.273  1.03e-04 -9.960e-07  2.212e-06 -1.530e-03 -1.496e-03  1.512e-03
  0.35  1.005  0.461  0.281  1.02e-04  1.493e-05 -1.386e-05 -1.504e-03 -1.514e-03  1.524e-03
  0.45  1.005  0.461  0.292  9.82e-05  1.397e-05 -9.255e-06 -1.474e-03 -1.541e-03  1.523e-03
  0.55  1.006  0.460  0.306  9.43e-05  1.413e-05 -6.387e-06 -1.449e-03 -1.567e-03  1.525e-03
  0.65  1.006  0.456  0.323  9.15e-05  1.404e-05 -3.920e-06 -1.432e-03 -1.586e-03  1.529e-03
  0.75  1.006  0.438  0.343  9.01e-05  1.331e-05 -2.377e-06 -1.426e-03 -1.599e-03  1.533e-03
  0.85  1.006  0.408  0.367  8.95e-05  1.299e-05 -1.798e-06 -1.425e-03 -1.609e-03  1.538e-03
  0.95  1.006  0.371  0.394  8.94e-05  1.288e-05 -1.846e-06 -1.428e-03 -1.617e-03  1.544e-03
  1.05  1.006  0.326  0.425  8.97e-05  1.323e-05 -2.223e-06 -1.434e-03 -1.626e-03  1.552e-03
  1.15  1.006  0.271  0.461  9.06e-05  1.330e-05 -2.681e-06 -1.446e-03 -1.635e-03  1.562e-03
  1.25  1.006  0.204  0.501  9.27e-05  1.438e-05 -2.586e-06 -1.466e-03 -1.644e-03  1.577e-03
  1.35  1.006  0.122  0.546  9.68e-05  1.512e-05  3.917e-07 -1.499e-03 -1.643e-03  1.591e-03
  1.45  1.005  0.044  0.597  1.05e-04  1.900e-05  9.486e-06 -1.546e-03 -1.611e-03  1.599e-03
  1.55  1.005  0.027  0.654  1.20e-04  2.542e-05  3.347e-05 -1.624e-03 -1.505e-03  1.595e-03
  1.65  1.005  0.026  0.717  1.52e-04  4.500e-05  8.084e-05 -1.790e-03 -1.262e-03  1.642e-03
  1.75  1.005  0.025  0.788  2.09e-04  3.028e-05  1.363e-04 -2.137e-03 -8.649e-04  1.901e-03
  1.85  1.005  0.024  0.867  2.69e-04 -1.335e-05  1.149e-04 -2.526e-03 -3.856e-04  2.357e-03
  1.95  1.005  0.024  0.954  3.07e-04  2.259e-06 -2.895e-05 -2.816e-03 -7.894e-05  2.779e-03

theta spread of sigma_tt (inner, max over z) %: 6.21e-03
