# wp2_tooth_uz_ph01  (2026-10-07 17:48, 25.5 min, 4 CPUs, Fortran point model)
# make_implant_inp.py --case 2sp_case6 --cons 1 --first-order --front 10 --blend 0.5 --dt 0.002 --T 1.0 --bulge 1 --nut outer --base uz --ph 0.1 --ph-local
# PASS: wp2_tooth_uz_ph01 completed (native point model)

inner (on the titanium or enamel) ring, theta means; z from the base (0) to the top (2.0)
  z mm    phi  share      c   alpha-1       s_rr       s_rz       s_tt       s_zz         vM
  0.05  3.331  0.024  0.901  2.68e-05 -1.165e-03 -1.530e-04 -1.636e-03 -1.641e-03  5.430e-04
  0.15  4.240  0.024  0.909  4.17e-05 -6.720e-04 -3.541e-04 -1.389e-03 -1.331e-03  9.228e-04
  0.25  4.822  0.024  0.914  6.36e-05 -5.295e-04 -6.017e-04 -1.407e-03 -1.067e-03  1.293e-03
  0.35  4.384  0.024  0.921  8.06e-05 -5.315e-04 -7.676e-04 -1.520e-03 -9.511e-04  1.583e-03
  0.45  3.636  0.024  0.931  8.64e-05 -5.090e-04 -8.166e-04 -1.559e-03 -9.350e-04  1.684e-03
  0.55  3.015  0.024  0.942  8.74e-05 -4.786e-04 -8.185e-04 -1.566e-03 -9.589e-04  1.703e-03
  0.65  2.545  0.024  0.950  8.77e-05 -4.471e-04 -8.124e-04 -1.568e-03 -9.887e-04  1.709e-03
  0.75  2.184  0.023  0.956  8.82e-05 -4.123e-04 -8.067e-04 -1.572e-03 -1.020e-03  1.721e-03
  0.85  1.907  0.023  0.961  8.92e-05 -3.714e-04 -8.012e-04 -1.579e-03 -1.057e-03  1.739e-03
  0.95  1.688  0.023  0.964  9.06e-05 -3.214e-04 -7.940e-04 -1.589e-03 -1.099e-03  1.765e-03
  1.05  1.513  0.023  0.967  9.24e-05 -2.607e-04 -7.830e-04 -1.602e-03 -1.151e-03  1.799e-03
  1.15  1.379  0.023  0.969  9.50e-05 -1.839e-04 -7.647e-04 -1.620e-03 -1.214e-03  1.844e-03
  1.25  1.274  0.023  0.970  9.86e-05 -8.468e-05 -7.336e-04 -1.644e-03 -1.291e-03  1.903e-03
  1.35  1.183  0.023  0.971  1.04e-04  5.040e-05 -6.816e-04 -1.675e-03 -1.384e-03  1.988e-03
  1.45  1.109  0.023  0.972  1.12e-04  2.259e-04 -5.943e-04 -1.725e-03 -1.504e-03  2.117e-03
  1.55  1.061  0.023  0.972  1.23e-04  4.455e-04 -4.427e-04 -1.796e-03 -1.650e-03  2.304e-03
  1.65  1.036  0.023  0.972  1.36e-04  6.872e-04 -1.854e-04 -1.881e-03 -1.804e-03  2.551e-03
  1.75  1.023  0.023  0.972  1.44e-04  8.358e-04  2.190e-04 -1.934e-03 -1.894e-03  2.776e-03
  1.85  1.017  0.023  0.972  1.45e-04  8.394e-04  8.051e-04 -1.939e-03 -1.891e-03  3.087e-03
  1.95  1.013  0.023  0.972  6.22e-05 -1.086e-03  1.479e-03 -1.819e-03 -1.371e-03  2.641e-03

outer ring, theta means; z from the base (0) to the top (2.0)
  z mm    phi  share      c   alpha-1       s_rr       s_rz       s_tt       s_zz         vM
  0.05  4.234  0.023  0.983  2.05e-05 -6.326e-04 -5.555e-04 -1.454e-03 -2.095e-03  1.593e-03
  0.15  5.704  0.023  0.987  8.07e-05 -6.112e-04 -8.655e-04 -1.457e-03 -9.462e-04  1.671e-03
  0.25  5.788  0.023  0.987  8.94e-05 -5.666e-04 -7.356e-04 -1.501e-03 -9.358e-04  1.512e-03
  0.35  4.283  0.023  0.989  8.94e-05 -5.516e-04 -7.423e-04 -1.497e-03 -9.549e-04  1.526e-03
  0.45  3.144  0.023  0.991  8.73e-05 -5.348e-04 -7.396e-04 -1.482e-03 -9.861e-04  1.522e-03
  0.55  2.419  0.023  0.992  8.65e-05 -5.136e-04 -7.342e-04 -1.479e-03 -1.015e-03  1.522e-03
  0.65  2.004  0.023  0.993  8.69e-05 -4.866e-04 -7.250e-04 -1.482e-03 -1.043e-03  1.524e-03
  0.75  1.762  0.023  0.994  8.77e-05 -4.543e-04 -7.127e-04 -1.488e-03 -1.074e-03  1.529e-03
  0.85  1.579  0.023  0.995  8.90e-05 -4.176e-04 -6.967e-04 -1.498e-03 -1.110e-03  1.534e-03
  0.95  1.435  0.023  0.995  9.08e-05 -3.764e-04 -6.760e-04 -1.512e-03 -1.150e-03  1.543e-03
  1.05  1.325  0.023  0.995  9.34e-05 -3.309e-04 -6.493e-04 -1.531e-03 -1.193e-03  1.554e-03
  1.15  1.237  0.023  0.995  9.72e-05 -2.808e-04 -6.142e-04 -1.559e-03 -1.237e-03  1.568e-03
  1.25  1.164  0.023  0.996  1.03e-04 -2.262e-04 -5.671e-04 -1.595e-03 -1.276e-03  1.582e-03
  1.35  1.106  0.023  0.996  1.11e-04 -1.655e-04 -5.018e-04 -1.644e-03 -1.297e-03  1.596e-03
  1.45  1.066  0.023  0.996  1.24e-04 -1.013e-04 -4.112e-04 -1.713e-03 -1.277e-03  1.610e-03
  1.55  1.041  0.023  0.996  1.46e-04 -2.994e-05 -2.871e-04 -1.826e-03 -1.181e-03  1.652e-03
  1.65  1.027  0.023  0.996  1.83e-04  2.303e-05 -1.346e-04 -2.047e-03 -9.736e-04  1.808e-03
  1.75  1.019  0.023  0.996  2.34e-04  3.729e-05  1.051e-05 -2.367e-03 -6.419e-04  2.147e-03
  1.85  1.015  0.023  0.996  2.81e-04 -1.632e-06  5.164e-05 -2.677e-03 -2.648e-04  2.555e-03
  1.95  1.012  0.023  0.996  3.08e-04  7.046e-06 -3.700e-05 -2.886e-03 -4.524e-05  2.868e-03

theta spread of sigma_tt (inner, max over z) %: 5.68e-03
