# wp2_imp_clamped_none  (2026-10-07 16:33, 7.5 min, 4 CPUs, Fortran point model)
# make_implant_inp.py --case 2sp_case6 --cons 1 --first-order --front 10 --blend 0.5 --dt 0.002 --T 1.0 --base clamped
# PASS: wp2_imp_clamped_none completed (native point model)

inner (on the titanium or enamel) ring, theta means; z from the base (0) to the top (2.0)
  z mm    phi  share      c   alpha-1       s_rr       s_rz       s_tt       s_zz         vM
  0.05  1.005  0.404  0.265  1.08e-03 -5.352e-02  9.482e-03 -6.716e-02 -6.179e-02  2.029e-02
  0.15  1.005  0.400  0.268  1.08e-03  2.324e-03  9.332e-03 -2.097e-02 -2.372e-02  2.959e-02
  0.25  1.005  0.393  0.273  1.07e-03 -4.199e-03  6.141e-03 -2.586e-02 -2.728e-02  2.480e-02
  0.35  1.005  0.381  0.281  1.07e-03  7.241e-03  2.402e-03 -1.463e-02 -1.595e-02  2.294e-02
  0.45  1.005  0.366  0.292  1.06e-03 -4.133e-04  1.526e-03 -2.102e-02 -2.138e-02  2.096e-02
  0.55  1.006  0.346  0.306  1.06e-03  3.552e-03  8.237e-04 -1.711e-02 -1.744e-02  2.088e-02
  0.65  1.006  0.321  0.323  1.06e-03  2.021e-04  9.696e-04 -2.018e-02 -2.038e-02  2.055e-02
  0.75  1.006  0.291  0.343  1.06e-03  2.565e-03  7.050e-04 -1.796e-02 -1.822e-02  2.069e-02
  0.85  1.006  0.254  0.367  1.06e-03  1.122e-03  8.052e-04 -1.932e-02 -1.952e-02  2.059e-02
  0.95  1.006  0.210  0.394  1.06e-03  2.232e-03  7.143e-04 -1.829e-02 -1.849e-02  2.066e-02
  1.05  1.006  0.158  0.425  1.06e-03  1.782e-03  9.112e-04 -1.872e-02 -1.886e-02  2.063e-02
  1.15  1.006  0.096  0.461  1.07e-03  2.084e-03  1.021e-03 -1.843e-02 -1.854e-02  2.064e-02
  1.25  1.006  0.039  0.501  1.07e-03  2.400e-03  1.418e-03 -1.812e-02 -1.817e-02  2.069e-02
  1.35  1.006  0.028  0.546  1.07e-03  2.044e-03  1.785e-03 -1.843e-02 -1.840e-02  2.069e-02
  1.45  1.006  0.027  0.597  1.07e-03  3.326e-03  2.525e-03 -1.719e-02 -1.711e-02  2.094e-02
  1.55  1.005  0.027  0.654  1.07e-03  2.190e-03  3.198e-03 -1.820e-02 -1.799e-02  2.103e-02
  1.65  1.005  0.026  0.717  1.08e-03  4.953e-03  4.338e-03 -1.562e-02 -1.547e-02  2.183e-02
  1.75  1.005  0.025  0.788  1.08e-03  1.243e-03  5.356e-03 -1.880e-02 -1.820e-02  2.182e-02
  1.85  1.005  0.024  0.867  1.08e-03  5.812e-03  7.587e-03 -1.464e-02 -1.425e-02  2.415e-02
  1.95  1.005  0.024  0.954  1.08e-03 -1.129e-02  1.332e-02 -2.626e-02 -2.065e-02  2.652e-02

outer ring, theta means; z from the base (0) to the top (2.0)
  z mm    phi  share      c   alpha-1       s_rr       s_rz       s_tt       s_zz         vM
  0.05  1.005  0.448  0.265  9.73e-04 -2.240e-02  1.673e-02 -3.448e-02 -3.090e-02  3.090e-02
  0.15  1.005  0.461  0.268  9.60e-04  9.064e-03 -3.250e-03 -5.540e-03 -7.009e-03  1.639e-02
  0.25  1.005  0.461  0.273  9.43e-04 -4.140e-03 -1.144e-03 -1.589e-02 -1.561e-02  1.178e-02
  0.35  1.005  0.461  0.281  9.29e-04  2.441e-03 -5.819e-04 -1.356e-02 -1.741e-02  1.826e-02
  0.45  1.005  0.461  0.292  9.19e-04 -1.065e-03  9.054e-05 -1.621e-02 -1.922e-02  1.685e-02
  0.55  1.006  0.460  0.306  9.14e-04  7.633e-04  2.110e-04 -1.472e-02 -1.796e-02  1.733e-02
  0.65  1.006  0.456  0.323  9.14e-04 -2.584e-04  1.436e-04 -1.504e-02 -1.754e-02  1.618e-02
  0.75  1.006  0.438  0.343  9.17e-04  3.031e-04  1.206e-04 -1.443e-02 -1.676e-02  1.603e-02
  0.85  1.006  0.408  0.367  9.23e-04 -8.526e-06  8.746e-05 -1.448e-02 -1.640e-02  1.552e-02
  0.95  1.006  0.371  0.394  9.29e-04  1.665e-04  8.911e-05 -1.423e-02 -1.594e-02  1.532e-02
  1.05  1.006  0.326  0.425  9.35e-04  6.731e-05  1.017e-04 -1.415e-02 -1.553e-02  1.496e-02
  1.15  1.006  0.271  0.461  9.41e-04  1.277e-04  1.212e-04 -1.394e-02 -1.499e-02  1.462e-02
  1.25  1.006  0.204  0.501  9.47e-04  8.561e-05  1.605e-04 -1.373e-02 -1.436e-02  1.414e-02
  1.35  1.006  0.122  0.546  9.53e-04  1.172e-04  2.081e-04 -1.338e-02 -1.348e-02  1.355e-02
  1.45  1.005  0.044  0.597  9.59e-04  8.835e-05  2.934e-04 -1.293e-02 -1.234e-02  1.274e-02
  1.55  1.005  0.027  0.654  9.64e-04  1.147e-04  4.395e-04 -1.218e-02 -1.062e-02  1.162e-02
  1.65  1.005  0.026  0.717  9.69e-04  1.031e-04  7.145e-04 -1.106e-02 -8.071e-03  1.009e-02
  1.75  1.005  0.025  0.788  9.74e-04  5.722e-05  9.293e-04 -9.452e-03 -4.377e-03  8.397e-03
  1.85  1.005  0.024  0.867  9.78e-04 -2.111e-06  4.691e-04 -8.140e-03 -9.993e-04  7.731e-03
  1.95  1.005  0.024  0.954  9.79e-04  4.209e-05 -1.355e-04 -8.066e-03  1.011e-04  8.141e-03

theta spread of sigma_tt (inner, max over z) %: 5.33e-03
