# wp2_tooth_clamped_none  (2026-10-07 18:06, 17.2 min, 4 CPUs, Fortran point model)
# make_implant_inp.py --case 2sp_case6 --cons 1 --first-order --front 10 --blend 0.5 --dt 0.002 --T 1.0 --bulge 1 --nut outer --base clamped
# PASS: wp2_tooth_clamped_none completed (native point model)

inner (on the titanium or enamel) ring, theta means; z from the base (0) to the top (2.0)
  z mm    phi  share      c   alpha-1       s_rr       s_rz       s_tt       s_zz         vM
  0.05  3.263  0.024  0.903  1.56e-03 -1.655e-01  1.517e-03 -1.939e-01 -1.991e-01  3.138e-02
  0.15  4.133  0.024  0.911  1.74e-03 -1.211e-02 -1.092e-02 -6.293e-02 -8.181e-02  6.524e-02
  0.25  4.692  0.024  0.916  1.86e-03 -9.958e-03 -1.366e-02 -5.305e-02 -6.134e-02  5.332e-02
  0.35  4.277  0.024  0.923  1.78e-03  1.033e-02 -1.658e-02 -2.293e-02 -2.161e-02  4.346e-02
  0.45  3.560  0.024  0.933  1.63e-03 -7.668e-03 -1.341e-02 -3.291e-02 -2.686e-02  3.256e-02
  0.55  2.960  0.024  0.943  1.50e-03 -2.521e-03 -1.254e-02 -2.639e-02 -2.132e-02  3.076e-02
  0.65  2.505  0.024  0.951  1.40e-03 -5.322e-03 -1.139e-02 -2.751e-02 -2.273e-02  2.826e-02
  0.75  2.156  0.023  0.957  1.33e-03 -2.549e-03 -1.096e-02 -2.341e-02 -1.858e-02  2.680e-02
  0.85  1.886  0.023  0.961  1.27e-03 -3.280e-03 -9.997e-03 -2.322e-02 -1.856e-02  2.502e-02
  0.95  1.672  0.023  0.965  1.23e-03 -2.171e-03 -9.546e-03 -2.183e-02 -1.766e-02  2.440e-02
  1.05  1.501  0.023  0.967  1.20e-03 -9.621e-04 -8.685e-03 -2.046e-02 -1.669e-02  2.339e-02
  1.15  1.371  0.023  0.969  1.18e-03 -9.101e-04 -7.980e-03 -2.069e-02 -1.765e-02  2.305e-02
  1.25  1.267  0.023  0.970  1.16e-03  1.519e-03 -6.947e-03 -1.866e-02 -1.625e-02  2.256e-02
  1.35  1.178  0.023  0.971  1.15e-03  9.545e-04 -5.821e-03 -1.977e-02 -1.816e-02  2.237e-02
  1.45  1.106  0.023  0.972  1.15e-03  4.298e-03 -4.282e-03 -1.714e-02 -1.625e-02  2.228e-02
  1.55  1.060  0.023  0.972  1.15e-03  2.883e-03 -2.579e-03 -1.907e-02 -1.885e-02  2.230e-02
  1.65  1.035  0.023  0.972  1.14e-03  7.292e-03 -3.510e-04 -1.535e-02 -1.570e-02  2.283e-02
  1.75  1.023  0.023  0.972  1.14e-03  2.930e-03  1.995e-03 -1.948e-02 -1.977e-02  2.282e-02
  1.85  1.016  0.023  0.972  1.14e-03  8.223e-03  5.541e-03 -1.447e-02 -1.484e-02  2.481e-02
  1.95  1.013  0.023  0.972  1.14e-03 -9.793e-03  1.285e-02 -2.676e-02 -2.178e-02  2.689e-02

outer ring, theta means; z from the base (0) to the top (2.0)
  z mm    phi  share      c   alpha-1       s_rr       s_rz       s_tt       s_zz         vM
  0.05  4.129  0.023  0.983  1.69e-03 -6.567e-02  2.108e-02 -8.887e-02 -8.710e-02  4.282e-02
  0.15  5.540  0.023  0.987  1.98e-03  1.873e-02 -3.101e-02 -3.441e-03  4.503e-03  5.713e-02
  0.25  5.624  0.023  0.987  1.99e-03 -3.470e-02 -1.737e-02 -4.977e-02 -3.497e-02  3.359e-02
  0.35  4.182  0.023  0.989  1.70e-03 -3.790e-03 -1.899e-02 -2.564e-02 -2.095e-02  3.846e-02
  0.45  3.086  0.023  0.991  1.48e-03 -1.617e-02 -1.501e-02 -3.184e-02 -2.474e-02  2.934e-02
  0.55  2.384  0.023  0.992  1.34e-03 -6.111e-03 -1.323e-02 -2.233e-02 -1.752e-02  2.708e-02
  0.65  1.981  0.023  0.993  1.25e-03 -9.354e-03 -1.160e-02 -2.372e-02 -1.836e-02  2.371e-02
  0.75  1.745  0.023  0.994  1.20e-03 -5.455e-03 -1.032e-02 -2.007e-02 -1.550e-02  2.207e-02
  0.85  1.566  0.023  0.995  1.17e-03 -6.106e-03 -9.300e-03 -2.024e-02 -1.569e-02  2.038e-02
  0.95  1.426  0.023  0.995  1.14e-03 -4.109e-03 -8.276e-03 -1.838e-02 -1.429e-02  1.917e-02
  1.05  1.318  0.023  0.995  1.12e-03 -3.929e-03 -7.352e-03 -1.808e-02 -1.417e-02  1.795e-02
  1.15  1.232  0.023  0.996  1.11e-03 -2.627e-03 -6.355e-03 -1.684e-02 -1.318e-02  1.687e-02
  1.25  1.160  0.023  0.996  1.10e-03 -2.199e-03 -5.371e-03 -1.632e-02 -1.274e-02  1.575e-02
  1.35  1.103  0.023  0.996  1.09e-03 -1.257e-03 -4.298e-03 -1.526e-02 -1.165e-02  1.463e-02
  1.45  1.064  0.023  0.996  1.09e-03 -8.333e-04 -3.205e-03 -1.452e-02 -1.064e-02  1.342e-02
  1.55  1.041  0.023  0.996  1.09e-03 -1.797e-04 -1.996e-03 -1.332e-02 -8.869e-03  1.208e-02
  1.65  1.027  0.023  0.996  1.08e-03  1.014e-04 -7.193e-04 -1.204e-02 -6.511e-03  1.060e-02
  1.75  1.019  0.023  0.996  1.08e-03  2.422e-04  2.720e-04 -1.040e-02 -3.159e-03  9.429e-03
  1.85  1.015  0.023  0.996  1.08e-03  5.997e-05  2.333e-04 -9.382e-03 -4.771e-04  9.195e-03
  1.95  1.012  0.023  0.996  1.08e-03  4.767e-05 -1.523e-04 -9.415e-03  1.863e-04  9.537e-03

theta spread of sigma_tt (inner, max over z) %: 6.14e-03
